0.142370 0.022370 0.673600 0.964900 0.807952
0.135820 0.022420 0.703000 0.963800 0.776779
0.142370 0.022370 0.627800 0.964900 0.808189
0.151700 0.022600 0.716000 0.987600 0.855190
0.142370 0.022370 0.673600 0.964900 0.749999
0.000000 0.000000 0.000000 0.000000 0.000000
0.000000 0.000000 0.000000 0.000000 0.000000
0.000000 0.000000 0.000000 0.000000 0.000000
0.000000 0.000000 0.000000 0.000000 0.000000
0.142370 0.022370 0.673600 0.964900 0.811362
0.142120 0.022220 0.672600 0.965200 0.823630
0.142120 0.022220 0.672600 0.965200 0.905993
0.143200 0.022000 0.670000 0.960000 0.827899
0.142600 0.022000 0.670000 0.960000 0.813715
0.133480 0.022580 0.710000 0.963000 0.800000
0.139650 0.022150 0.688000 0.968800 0.835005
0.134810 0.022810 0.720000 0.960000 0.793693
0.141700 0.022300 0.677400 0.966700 0.815903
0.141040 0.022140 0.677700 0.960000 0.819708
0.142370 0.022370 0.668300 0.964900 0.805050
0.142370 0.022370 0.679000 0.964900 0.811350
0.147000 0.022540 0.700000 0.970000 0.849842
0.145930 0.022540 0.700000 0.970000 0.824961
0.000000 0.000000 0.000000 0.000000 0.000000
0.000000 0.000000 0.000000 0.000000 0.000000
0.000000 0.000000 0.000000 0.000000 0.000000
0.000000 0.000000 0.000000 0.000000 0.000000
0.000000 0.000000 0.000000 0.000000 0.000000
0.000000 0.000000 0.000000 0.000000 0.000000
0.000000 0.000000 0.000000 0.000000 0.000000
0.000000 0.000000 0.000000 0.000000 0.000000
0.000000 0.000000 0.000000 0.000000 0.000000
0.000000 0.000000 0.000000 0.000000 0.000000
0.000000 0.000000 0.000000 0.000000 0.000000
0.000000 0.000000 0.000000 0.000000 0.000000
0.000000 0.000000 0.000000 0.000000 0.000000
0.000000 0.000000 0.000000 0.000000 0.000000
0.000000 0.000000 0.000000 0.000000 0.000000
0.000000 0.000000 0.000000 0.000000 0.000000
0.000000 0.000000 0.000000 0.000000 0.000000
0.000000 0.000000 0.000000 0.000000 0.000000
0.000000 0.000000 0.000000 0.000000 0.000000
0.000000 0.000000 0.000000 0.000000 0.000000
0.000000 0.000000 0.000000 0.000000 0.000000
0.000000 0.000000 0.000000 0.000000 0.000000
0.000000 0.000000 0.000000 0.000000 0.000000
0.000000 0.000000 0.000000 0.000000 0.000000
0.000000 0.000000 0.000000 0.000000 0.000000
0.000000 0.000000 0.000000 0.000000 0.000000
0.000000 0.000000 0.000000 0.000000 0.000000
0.000000 0.000000 0.000000 0.000000 0.000000
0.000000 0.000000 0.000000 0.000000 0.000000
0.000000 0.000000 0.000000 0.000000 0.000000
0.000000 0.000000 0.000000 0.000000 0.000000
0.000000 0.000000 0.000000 0.000000 0.000000
0.000000 0.000000 0.000000 0.000000 0.000000
0.000000 0.000000 0.000000 0.000000 0.000000
0.000000 0.000000 0.000000 0.000000 0.000000
0.000000 0.000000 0.000000 0.000000 0.000000
0.000000 0.000000 0.000000 0.000000 0.000000
0.000000 0.000000 0.000000 0.000000 0.000000
0.000000 0.000000 0.000000 0.000000 0.000000
0.000000 0.000000 0.000000 0.000000 0.000000
0.000000 0.000000 0.000000 0.000000 0.000000
0.000000 0.000000 0.000000 0.000000 0.000000
0.000000 0.000000 0.000000 0.000000 0.000000
0.000000 0.000000 0.000000 0.000000 0.000000
0.000000 0.000000 0.000000 0.000000 0.000000
0.000000 0.000000 0.000000 0.000000 0.000000
0.000000 0.000000 0.000000 0.000000 0.000000
0.000000 0.000000 0.000000 0.000000 0.000000
0.000000 0.000000 0.000000 0.000000 0.000000
0.000000 0.000000 0.000000 0.000000 0.000000
0.000000 0.000000 0.000000 0.000000 0.000000
0.000000 0.000000 0.000000 0.000000 0.000000
0.000000 0.000000 0.000000 0.000000 0.000000
0.000000 0.000000 0.000000 0.000000 0.000000
0.000000 0.000000 0.000000 0.000000 0.000000
0.000000 0.000000 0.000000 0.000000 0.000000
0.000000 0.000000 0.000000 0.000000 0.000000
0.000000 0.000000 0.000000 0.000000 0.000000
0.000000 0.000000 0.000000 0.000000 0.000000
0.000000 0.000000 0.000000 0.000000 0.000000
0.000000 0.000000 0.000000 0.000000 0.000000
0.000000 0.000000 0.000000 0.000000 0.000000
0.000000 0.000000 0.000000 0.000000 0.000000
0.000000 0.000000 0.000000 0.000000 0.000000
0.000000 0.000000 0.000000 0.000000 0.000000
0.000000 0.000000 0.000000 0.000000 0.000000
0.000000 0.000000 0.000000 0.000000 0.000000
0.000000 0.000000 0.000000 0.000000 0.000000
0.000000 0.000000 0.000000 0.000000 0.000000
0.000000 0.000000 0.000000 0.000000 0.000000
0.000000 0.000000 0.000000 0.000000 0.000000
0.000000 0.000000 0.000000 0.000000 0.000000
0.000000 0.000000 0.000000 0.000000 0.000000
0.000000 0.000000 0.000000 0.000000 0.000000
0.000000 0.000000 0.000000 0.000000 0.000000
0.000000 0.000000 0.000000 0.000000 0.000000
0.000000 0.000000 0.000000 0.000000 0.000000
0.142820 0.022820 0.677700 0.964900 0.808181
0.141930 0.021930 0.669600 0.964900 0.808156
0.146370 0.022370 0.659700 0.964900 0.808270
0.138470 0.022370 0.687700 0.964900 0.808075
0.142370 0.022370 0.673600 0.974900 0.808166
0.142370 0.022370 0.673600 0.954900 0.808177
0.142370 0.022370 0.673600 0.964900 0.808181
0.142370 0.022370 0.673600 0.964900 0.808168
0.142370 0.022370 0.644400 0.964900 0.808177
0.142370 0.022370 0.703700 0.964900 0.808161
0.142370 0.022370 0.669800 0.964900 0.808170
0.142370 0.022370 0.675200 0.964900 0.808179
0.142370 0.022370 0.673600 0.964900 0.824120
0.142370 0.022370 0.673600 0.964900 0.792107
0.146370 0.022370 0.694700 0.974900 0.808245
0.138470 0.022370 0.651700 0.954900 0.808089
0.142370 0.022370 0.673600 0.964900 0.866133
0.143370 0.022370 0.670100 0.964900 0.808205
0.141370 0.022370 0.677100 0.964900 0.808152
0.142370 0.022370 0.673600 0.967900 0.808168
0.142370 0.022370 0.673600 0.961900 0.808181
0.142370 0.022370 0.666200 0.964900 0.808169
0.142370 0.022370 0.681000 0.964900 0.808170
0.142370 0.022370 0.672900 0.964900 0.808176
0.142370 0.022370 0.674200 0.964900 0.808175
0.142370 0.022370 0.673600 0.964900 0.811995
0.142370 0.022370 0.673600 0.964900 0.803908
0.000000 0.000000 0.000000 0.000000 0.000000
0.000000 0.000000 0.000000 0.000000 0.000000
0.000000 0.000000 0.000000 0.000000 0.000000
0.142370 0.022370 0.673600 0.964900 0.711201
0.130970 0.022370 0.716500 0.964900 0.807866
0.142370 0.022370 0.673600 0.904900 0.808189
0.142370 0.022370 0.673600 0.964900 0.905163
0.154970 0.022370 0.631900 0.964900 0.808458
0.142370 0.022370 0.673600 1.024900 0.808160
0.139930 0.020730 0.661800 0.930300 0.882475
0.149220 0.022120 0.647200 0.925200 0.729693
0.134880 0.021080 0.684700 0.972300 0.821432
0.136960 0.024160 0.716400 0.973200 0.793003
0.143060 0.020960 0.653600 0.989300 0.772033
0.151010 0.023810 0.662300 0.938400 0.799575
0.135870 0.022870 0.703800 0.992700 0.707082
0.149860 0.022060 0.644300 0.995200 0.847522
0.135100 0.022100 0.696800 0.927900 0.891360
0.142880 0.024280 0.696100 0.934700 0.801404
0.138970 0.020970 0.668200 0.935100 0.762696
0.142630 0.021130 0.649800 0.958700 0.777157
0.142990 0.022890 0.619900 0.938000 0.714913
0.141880 0.021880 0.668800 0.991300 0.824854
0.144080 0.022480 0.722400 0.935500 0.937655
0.148550 0.023150 0.658200 0.975700 0.860820
0.136450 0.021650 0.620400 0.954100 0.677885
0.141820 0.021920 0.609200 0.991700 0.794389
0.136380 0.021580 0.742600 0.953800 0.838698
0.142090 0.023690 0.624700 0.971300 0.735302
0.148120 0.022020 0.649900 0.967800 0.801974
0.143870 0.022470 0.666800 0.935600 0.872315
0.148210 0.022010 0.695800 0.966700 0.829816
0.148160 0.022060 0.596700 0.967300 0.718521
0.140730 0.022230 0.745600 0.994200 0.876756
0.150220 0.022820 0.733000 0.964900 0.793066
0.126160 0.021360 0.638300 0.929700 0.779589
0.150350 0.021350 0.728000 0.992200 0.838824
0.130830 0.021730 0.604200 0.921100 0.774159
0.150050 0.022250 0.729300 1.024100 0.835954
0.138160 0.023060 0.682600 0.969100 0.837463
0.162480 0.022480 0.705000 0.971500 0.768419
0.129970 0.021570 0.607000 0.927500 0.871407
0.144090 0.021890 0.647400 0.989800 0.777925
0.130790 0.023190 0.641800 0.938700 0.716059
0.150680 0.023480 0.673300 0.976200 0.852878
0.126020 0.022820 0.636900 0.901200 0.765650
0.139320 0.023220 0.680000 0.962800 0.763962
0.129420 0.023020 0.642700 0.943700 0.840113
0.155330 0.021730 0.643200 0.989800 0.708760
0.142280 0.022380 0.697200 0.945900 0.892483
0.156790 0.022390 0.682000 1.000200 0.806026
0.142740 0.022340 0.654200 0.942400 0.791239
0.129100 0.022400 0.588100 0.930800 0.775969
0.143480 0.022580 0.745100 0.979600 0.894071
0.132890 0.021690 0.574500 0.933600 0.730036
