0.315192 0.049302 0.673600 0.964900 0.807952
0.315192 0.049302 0.673600 0.964900 0.807952
0.315192 0.049302 0.673600 0.964900 0.807952
0.315192 0.049302 0.673600 0.964900 0.807952
0.315192 0.049302 0.673600 0.964900 0.807952
0.315192 0.049302 0.673600 0.964900 0.807952
0.276126 0.045365 0.703000 0.963800 0.776779
0.276126 0.045365 0.703000 0.963800 0.776779
0.276126 0.045365 0.703000 0.963800 0.776779
0.276126 0.045365 0.703000 0.963800 0.776779
0.276126 0.045365 0.703000 0.963800 0.776779
0.276126 0.045365 0.703000 0.963800 0.776779
0.362858 0.056758 0.627800 0.964900 0.808189
0.362858 0.056758 0.627800 0.964900 0.808189
0.362858 0.056758 0.627800 0.964900 0.808189
0.362858 0.056758 0.627800 0.964900 0.808189
0.362858 0.056758 0.627800 0.964900 0.808189
0.362858 0.056758 0.627800 0.964900 0.808189
0.297167 0.044084 0.716000 0.987600 0.855190
0.297167 0.044084 0.716000 0.987600 0.855190
0.297167 0.044084 0.716000 0.987600 0.855190
0.297167 0.044084 0.716000 0.987600 0.855190
0.297167 0.044084 0.716000 0.987600 0.855190
0.297167 0.044084 0.716000 0.987600 0.855190
0.315192 0.049302 0.673600 0.964900 0.749999
0.315192 0.049302 0.673600 0.964900 0.749999
0.315192 0.049302 0.673600 0.964900 0.749999
0.315192 0.049302 0.673600 0.964900 0.749999
0.315192 0.049302 0.673600 0.964900 0.749999
0.315192 0.049302 0.673600 0.964900 0.749999
0.313772 0.049302 0.673600 0.964900 0.811362
0.314153 0.049117 0.672600 0.965200 0.823630
0.319002 0.049009 0.670000 0.960000 0.827899
0.319100 0.049009 0.670000 0.960000 0.813715
0.264789 0.044793 0.710000 0.963000 0.800000
0.295029 0.046795 0.688000 0.968800 0.835005
0.260050 0.044001 0.720000 0.960000 0.793693
0.308802 0.048598 0.677400 0.966700 0.815903
0.307091 0.048206 0.677700 0.960000 0.819708
0.320211 0.050087 0.668300 0.964900 0.805050
0.308801 0.048521 0.679000 0.964900 0.811350
0.312369 0.049687 0.677700 0.964900 0.808181
0.317988 0.048911 0.669600 0.964900 0.808156
0.337805 0.051401 0.659700 0.964900 0.808270
0.294153 0.047301 0.687700 0.964900 0.808075
0.315192 0.049302 0.673600 0.974900 0.808166
0.315192 0.049302 0.673600 0.954900 0.808177
0.315192 0.049302 0.673600 0.964900 0.808181
0.315192 0.049302 0.673600 0.964900 0.808168
0.344404 0.053871 0.644400 0.964900 0.808177
0.288805 0.045174 0.703700 0.964900 0.808161
0.318778 0.049863 0.669800 0.964900 0.808170
0.313700 0.049068 0.675200 0.964900 0.808179
0.315192 0.049302 0.673600 0.964900 0.824120
0.315192 0.049302 0.673600 0.964900 0.792107
0.304624 0.046352 0.694700 0.974900 0.808245
0.327549 0.052671 0.651700 0.954900 0.808089
0.315192 0.049302 0.673600 0.964900 0.866133
0.320720 0.049818 0.670100 0.964900 0.808205
0.309761 0.048793 0.677100 0.964900 0.808152
0.315192 0.049302 0.673600 0.967900 0.808168
0.315192 0.049302 0.673600 0.961900 0.808181
0.322233 0.050403 0.666200 0.964900 0.808169
0.308379 0.048236 0.681000 0.964900 0.808170
0.315848 0.049404 0.672900 0.964900 0.808176
0.314631 0.049214 0.674200 0.964900 0.808175
0.315192 0.049302 0.673600 0.964900 0.811995
0.315192 0.049302 0.673600 0.964900 0.803908
0.315192 0.049302 0.673600 0.964900 0.711201
0.256372 0.043575 0.716500 0.964900 0.807866
0.315192 0.049302 0.673600 0.904900 0.808189
0.315192 0.049302 0.673600 0.964900 0.905163
0.389720 0.056023 0.631900 0.964900 0.808458
0.315192 0.049302 0.673600 1.024900 0.808160
0.320961 0.047331 0.661800 0.930300 0.882475
0.357784 0.052809 0.647200 0.925200 0.729693
0.289079 0.044965 0.684700 0.972300 0.821432
0.268115 0.047075 0.716400 0.973200 0.793003
0.336392 0.049064 0.653600 0.989300 0.772033
0.345736 0.054281 0.662300 0.938400 0.799575
0.275600 0.046171 0.703800 0.992700 0.707082
0.362554 0.053141 0.644300 0.995200 0.847522
0.279579 0.045517 0.696800 0.927900 0.891360
0.296198 0.050108 0.696100 0.934700 0.801404
0.312692 0.046966 0.668200 0.935100 0.762696
0.339319 0.050043 0.649800 0.958700 0.777157
0.373779 0.059567 0.619900 0.938000 0.714913
0.318637 0.048916 0.668800 0.991300 0.824854
0.277323 0.043077 0.722400 0.935500 0.937655
0.344379 0.053436 0.658200 0.975700 0.860820
0.356185 0.056249 0.620400 0.954100 0.677885
0.383872 0.059064 0.609200 0.991700 0.794389
0.248478 0.039133 0.742600 0.953800 0.838698
0.365751 0.060705 0.624700 0.971300 0.735302
0.352213 0.052134 0.649900 0.967800 0.801974
0.325027 0.050537 0.666800 0.935600 0.872315
0.307463 0.045462 0.695800 0.966700 0.829816
0.417930 0.061957 0.596700 0.967300 0.718521
0.254307 0.039988 0.745600 0.994200 0.876756
0.280788 0.042472 0.733000 0.964900 0.793066
0.311232 0.052427 0.638300 0.929700 0.779589
0.284903 0.040284 0.728000 0.992200 0.838824
0.360146 0.059525 0.604200 0.921100 0.774159
0.283324 0.041833 0.729300 1.024100 0.835954
0.297900 0.049491 0.682600 0.969100 0.837463
0.328201 0.045229 0.705000 0.971500 0.768419
0.354497 0.058543 0.607000 0.927500 0.871407
0.345323 0.052228 0.647400 0.989800 0.777925
0.319087 0.056299 0.641800 0.938700 0.716059
0.333804 0.051794 0.673300 0.976200 0.852878
0.312256 0.056257 0.636900 0.901200 0.765650
0.302691 0.050216 0.680000 0.962800 0.763962
0.314877 0.055730 0.642700 0.943700 0.840113
0.377017 0.052525 0.643200 0.989800 0.708760
0.294030 0.046041 0.697200 0.945900 0.892483
0.338478 0.048138 0.682000 1.000200 0.806026
0.335027 0.052199 0.654200 0.942400 0.791239
0.375133 0.064766 0.588100 0.930800 0.775969
0.259602 0.040672 0.745100 0.979600 0.894071
