0.1755 0.06681 0.7737 0.8849 0.6641
0.2139 0.05557 0.8599 0.9785 0.8619
0.1867 0.04503 0.6189 0.8307 0.7187
0.3271 0.06875 0.6313 0.8135 0.8939
0.1433 0.06347 0.6127 1.1501 0.7699
0.4813 0.05637 0.5331 0.9041 0.9289
0.4149 0.04539 0.5761 0.9911 0.6283
0.2423 0.06275 0.5675 0.8305 0.7145
0.3215 0.05487 0.6429 1.0531 0.7509
0.4197 0.05329 0.5265 0.9665 0.6233
0.1821 0.04809 0.5865 0.9565 0.8101
0.4195 0.04627 0.7635 1.0415 0.8047
0.1381 0.05945 0.5939 1.0353 0.8967
0.2965 0.04883 0.7613 0.9025 0.9441
0.1327 0.03307 0.7339 1.1413 0.6187
0.4791 0.06759 0.8131 0.9573 0.7391
0.2849 0.05533 0.5883 0.9703 0.9863
0.2475 0.04437 0.7861 0.9407 0.7411
0.1131 0.05835 0.6561 0.9527 0.8183
0.4751 0.06443 0.7669 1.1375 0.9131
0.3959 0.03695 0.5009 1.0093 0.9751
0.1767 0.05957 0.6473 0.9519 0.9037
0.1251 0.06929 0.6597 0.8517 0.8089
0.1551 0.04721 0.8879 0.9331 0.9117
0.3925 0.03625 0.5513 0.9809 0.7975
0.2433 0.05777 0.5645 1.1997 0.9237
0.2205 0.05983 0.8213 0.9389 0.7497
0.3409 0.04687 0.5857 0.9135 0.6377
0.4035 0.06697 0.6655 1.1681 0.7843
0.4093 0.05041 0.8465 0.8309 0.9793
0.1931 0.06181 0.8337 1.0579 0.6263
0.4083 0.03347 0.6471 1.1835 0.9961
0.3211 0.06893 0.5043 0.8627 0.9241
0.3507 0.04683 0.8961 1.0289 0.9049
0.2311 0.05531 0.8569 0.8659 0.8641
0.1729 0.05025 0.5325 0.9745 0.9405
0.3779 0.04379 0.7925 0.9955 0.7875
0.4655 0.06045 0.6013 1.1437 0.7933
0.3889 0.03627 0.6275 0.9513 0.9137
0.3363 0.04133 0.8693 1.0869 0.9593
0.4275 0.04703 0.5823 1.1043 0.9403
0.3747 0.05499 0.5585 1.1007 0.9293
0.1315 0.05027 0.5607 1.0309 0.8747
0.1749 0.04751 0.8931 1.0089 0.8759
0.3613 0.03909 0.8951 0.9393 0.8379
0.2115 0.06065 0.8225 0.9273 0.8087
0.4435 0.04551 0.8487 0.8725 0.7351
0.2791 0.04967 0.5755 0.9601 0.7955
0.4705 0.06865 0.7573 0.9833 0.6703
0.3915 0.05877 0.6241 0.9763 0.7073
0.2053 0.05387 0.8221 0.8977 0.8727
0.3485 0.05107 0.7283 1.1187 0.7655
0.4267 0.04623 0.6405 0.9515 0.9419
0.2917 0.06289 0.7935 0.8467 0.8459
0.2189 0.04859 0.8157 0.8663 0.8599
0.1765 0.05935 0.7871 1.1999 0.9797
0.4255 0.06925 0.7373 1.1381 0.8501
0.3701 0.03555 0.8955 1.1551 0.7131
0.2449 0.04145 0.6363 1.0723 0.8665
0.2641 0.04791 0.7859 1.1137 0.9015
0.2815 0.03729 0.7001 0.9263 0.9461
0.4127 0.03965 0.7769 0.8043 0.8627
0.4219 0.06909 0.7133 0.8493 0.9451
0.3449 0.03455 0.6085 1.1029 0.8573
0.3457 0.06299 0.6503 0.8085 0.9007
0.2513 0.04203 0.7591 1.0917 0.8153
0.2891 0.04827 0.6573 1.0513 0.7891
0.4693 0.06319 0.6769 0.9713 0.6387
0.3603 0.04305 0.5125 1.1933 0.7861
0.2997 0.04465 0.8051 0.9701 0.8709
0.2001 0.03463 0.7241 0.9917 0.7775
0.1543 0.06701 0.5909 1.0521 0.9569
0.3855 0.03135 0.5011 0.9913 0.6399
0.2297 0.06203 0.8615 0.8335 0.6809
0.1777 0.05927 0.7081 0.8723 0.8357
0.1587 0.06821 0.6579 1.0117 0.7005
0.4249 0.05893 0.8753 1.0741 0.9859
0.2813 0.04325 0.7973 1.0693 0.7651
0.2807 0.03783 0.5809 1.0799 0.9695
0.4199 0.03027 0.7053 0.9305 0.7645
0.3883 0.03243 0.6197 1.0961 0.9873
0.4481 0.05843 0.6017 0.9547 0.7305
0.3493 0.06927 0.8381 1.1267 0.7595
0.4937 0.06485 0.7677 0.9363 0.6611
0.3185 0.06115 0.6531 0.9139 0.6865
0.1805 0.05081 0.6989 1.1073 0.8441
0.3027 0.05517 0.8331 1.0435 0.8647
0.2289 0.03937 0.7179 1.0747 0.7849
0.3441 0.05847 0.5813 1.0351 0.8769
0.4203 0.05911 0.7891 0.9101 0.7967
0.4501 0.03489 0.6297 0.9821 0.7103
0.1621 0.06253 0.5127 1.0897 0.7869
0.1493 0.05151 0.5963 0.9533 0.7167
0.4007 0.06655 0.5953 0.8499 0.8675
0.1225 0.05721 0.6427 1.1281 0.8883
0.1005 0.04189 0.5133 1.0107 0.9421
0.1485 0.06533 0.6069 0.9189 0.8839
0.1669 0.06797 0.8227 1.1353 0.7321
0.3397 0.04169 0.7067 1.1365 0.9513
0.1029 0.06613 0.7767 1.0115 0.6411
0.3133 0.06231 0.5619 0.9675 0.9093
0.2613 0.04979 0.7797 1.0447 0.8729
0.3339 0.04729 0.8667 0.8075 0.8889
0.1071 0.03435 0.8899 0.8877 0.9519
0.4873 0.04385 0.8929 0.8107 0.9823
0.2051 0.05197 0.5955 0.8119 0.6643
0.1073 0.06093 0.8559 0.9705 0.6199
0.1645 0.05257 0.7743 1.0311 0.6149
0.4283 0.04377 0.8311 0.9231 0.8263
0.2637 0.05445 0.8041 0.9777 0.7881
0.3933 0.04875 0.8745 0.8863 0.8775
0.3631 0.04249 0.7619 0.8847 0.6769
0.4613 0.05221 0.5553 1.0749 0.8533
0.2517 0.05437 0.6943 0.9987 0.9843
0.2047 0.04955 0.6387 0.9013 0.8139
0.3097 0.04639 0.6339 0.8969 0.8993
0.4207 0.04315 0.8025 0.8333 0.7165
0.4793 0.04129 0.5345 1.0161 0.6361
0.1049 0.03655 0.7333 0.8439 0.6853
0.4027 0.04205 0.5149 1.1757 0.6071
0.3879 0.03073 0.8461 1.1355 0.7649
0.2541 0.04943 0.7997 0.9459 0.8819
0.3765 0.06457 0.5187 0.8979 0.6375
0.2601 0.06011 0.6685 1.1755 0.7705
0.2693 0.04019 0.6885 1.0257 0.8407
0.4487 0.03545 0.5167 1.0387 0.9291
0.2757 0.06345 0.5109 0.9035 0.8867
0.4301 0.06411 0.5981 0.9077 0.7837
0.3385 0.05441 0.7093 0.9593 0.9561
0.1571 0.03743 0.7177 1.1263 0.8045
0.4185 0.04403 0.6737 0.8949 0.9855
0.2049 0.06641 0.6451 1.0923 0.8105
0.2251 0.05921 0.7255 1.1383 0.9515
0.2203 0.06073 0.6263 1.1229 0.8983
0.4661 0.03843 0.5799 1.0631 0.7727
0.3009 0.03847 0.6027 1.1343 0.8559
0.4285 0.03207 0.6589 1.1405 0.9331
0.3721 0.03619 0.7657 0.8987 0.7621
0.1797 0.04329 0.5375 0.8583 0.7763
0.1969 0.03141 0.7543 0.8319 0.9445
0.1933 0.05559 0.7801 0.8109 0.9181
0.4411 0.03927 0.6371 1.1449 0.8267
0.4167 0.06075 0.6653 1.0505 0.9031
0.3141 0.03023 0.8187 0.9673 0.7785
0.3667 0.04271 0.6373 0.8315 0.8503
0.3387 0.05575 0.5025 0.9689 0.6169
0.1781 0.04431 0.5667 1.1453 0.9387
0.1655 0.05591 0.6795 1.1107 0.6455
0.4281 0.04913 0.5235 0.8961 0.7957
0.2021 0.05355 0.7125 0.8747 0.8697
0.1773 0.04201 0.5707 0.9651 0.7945
0.4541 0.05667 0.6497 0.9897 0.9655
0.1589 0.05995 0.7131 1.1243 0.7857
0.4227 0.06823 0.5687 0.8699 0.6991
0.1509 0.06409 0.6967 0.9979 0.6693
0.1065 0.04339 0.7155 0.8767 0.7563
0.2113 0.06365 0.6963 0.8785 0.8569
0.2811 0.05577 0.7837 1.0343 0.8603
0.4305 0.03745 0.6803 1.1763 0.6921
0.4643 0.04303 0.6901 1.1009 0.7571
0.3683 0.06667 0.5491 0.8247 0.7225
0.3727 0.03223 0.7301 1.1853 0.7469
0.4337 0.06329 0.6337 0.8221 0.8243
0.3275 0.06587 0.5403 1.0029 0.6955
0.1175 0.05297 0.5459 0.8495 0.7519
0.3055 0.04891 0.7307 0.8751 0.9761
0.4985 0.06015 0.7227 1.0473 0.9811
0.4619 0.06565 0.7893 1.0475 0.9869
0.4319 0.03009 0.6283 1.0413 0.9861
0.1665 0.04093 0.7707 0.9539 0.6967
0.3357 0.06985 0.7883 0.9427 0.8687
0.4993 0.03921 0.7999 0.8501 0.6493
0.4507 0.03651 0.5915 0.9251 0.8981
0.1167 0.04049 0.6777 0.9509 0.7203
0.3875 0.05563 0.7909 0.9325 0.9671
0.4079 0.03851 0.8355 1.1257 0.9705
0.4489 0.03083 0.5363 0.9961 0.8115
0.3253 0.06957 0.6559 1.1191 0.7815
0.4353 0.03039 0.5159 1.0437 0.9079
0.1771 0.04677 0.8911 1.1193 0.9207
0.2465 0.06069 0.5603 1.1747 0.6743
0.2829 0.06783 0.5111 0.9477 0.9933
0.2013 0.04901 0.8275 0.8921 0.9889
0.4375 0.05953 0.7375 1.0629 0.9607
0.2877 0.04675 0.5287 0.9569 0.9305
0.3761 0.03473 0.5379 0.8831 0.9825
0.4577 0.03045 0.7237 1.0943 0.9097
0.4617 0.06217 0.6223 1.0669 0.7023
0.1213 0.04583 0.7341 0.9729 0.6855
0.1801 0.04691 0.7921 1.1637 0.6849
0.3003 0.03487 0.6289 0.9333 0.9981
0.1469 0.06269 0.7535 0.9033 0.9749
0.2801 0.06989 0.5275 1.1503 0.6731
0.4605 0.04769 0.7525 0.9851 0.8361
0.1409 0.05747 0.5121 0.9611 0.8229
0.3995 0.04561 0.6665 0.8129 0.8345
0.3263 0.03959 0.7715 1.1423 0.7329
0.4581 0.06029 0.6847 0.8371 0.6059
0.2817 0.06567 0.6785 1.0683 0.7553
0.1613 0.06189 0.5233 0.8609 0.9041
0.4395 0.04509 0.5279 0.8417 0.6807
0.2123 0.03899 0.5119 0.9575 0.8173
0.1417 0.06535 0.6591 1.1599 0.6735
0.1013 0.05683 0.8229 1.0383 0.6659
0.2533 0.05937 0.5153 1.1313 0.9901
0.4775 0.05605 0.6525 1.1965 0.6885
0.4045 0.05503 0.5313 1.1903 0.7097
0.1111 0.05339 0.5243 1.0223 0.8613
0.3001 0.05073 0.6881 1.0931 0.9553
0.1287 0.04565 0.8635 1.0903 0.8811
0.4055 0.05865 0.6501 1.0167 0.8757
0.4389 0.06359 0.7811 1.0537 0.7031
0.1795 0.05129 0.5015 0.8123 0.9443
0.4471 0.04165 0.5621 1.0039 0.8067
0.2547 0.05855 0.7643 0.8133 0.7885
0.4229 0.06051 0.7985 1.1091 0.6923
0.2993 0.04219 0.8841 0.9943 0.6215
0.3819 0.04649 0.7069 1.0739 0.8235
0.3857 0.03111 0.8987 1.0333 0.6147
0.4787 0.06987 0.6369 1.0189 0.9425
0.1643 0.04661 0.5993 0.8599 0.6511
0.4883 0.03911 0.6541 0.9623 0.9685
0.4847 0.06867 0.8597 1.0043 0.9681
0.4057 0.05219 0.6961 1.0901 0.8349
0.3831 0.05167 0.6827 1.0637 0.9035
0.4825 0.05375 0.5919 1.0037 0.7501
0.1649 0.03393 0.7485 1.1111 0.9247
0.4077 0.06201 0.5889 1.1705 0.6371
0.3777 0.06679 0.5029 0.8001 0.9051
0.2343 0.03357 0.7461 0.8191 0.7215
0.3015 0.04759 0.5859 0.8873 0.8991
0.2345 0.04469 0.7965 0.8793 0.6843
0.4495 0.03569 0.7519 0.8443 0.7117
0.2931 0.05207 0.7587 1.1225 0.9767
0.2087 0.03575 0.5505 1.0617 0.8387
0.3693 0.04897 0.5085 1.1295 0.6543
0.4879 0.03241 0.6251 0.9687 0.8433
0.1035 0.06023 0.5969 0.9749 0.8885
0.1569 0.03759 0.8999 0.9443 0.9817
0.1555 0.03185 0.7209 0.8489 0.7473
0.1413 0.06381 0.8063 0.9875 0.6903
0.2131 0.06791 0.6171 0.8089 0.8203
0.2435 0.04183 0.6603 0.8317 0.7177
0.1697 0.06979 0.8387 0.9257 0.8931
0.3207 0.03273 0.5145 0.8469 0.8307
0.3585 0.04733 0.5295 1.0431 0.7405
0.1437 0.04893 0.5337 1.0061 0.6019
0.3423 0.04195 0.8697 1.0305 0.6895
0.1635 0.05161 0.6149 0.8347 0.8809
0.2643 0.03397 0.5073 1.0197 0.7947
0.3969 0.06173 0.7711 0.9411 0.8611
0.2321 0.03763 0.8689 0.9317 0.7475
0.1081 0.03019 0.7757 0.8105 0.8471
0.1095 0.05093 0.5565 0.9925 0.7365
0.2765 0.03623 0.7249 0.9891 0.6775
0.4135 0.04959 0.5075 1.0303 0.7859
0.2179 0.05567 0.6741 0.8057 0.6261
0.1941 0.06825 0.7105 0.9465 0.7749
0.1577 0.05295 0.8889 1.0855 0.7673
0.1177 0.03293 0.5483 1.1839 0.6951
0.2103 0.06887 0.7061 0.9733 0.8941
0.1603 0.05853 0.7335 0.9297 0.9571
0.2193 0.03283 0.5729 1.1985 0.6479
0.2233 0.03877 0.6683 1.0769 0.6729
0.4783 0.06101 0.8953 1.0315 0.8733
0.1351 0.03005 0.8459 0.8049 0.6509
0.2199 0.05125 0.8803 1.0005 0.6153
0.3039 0.04885 0.8149 0.8601 0.7669
0.4817 0.04629 0.7879 1.0525 0.6919
0.1677 0.03193 0.7565 1.1119 0.6579
0.1995 0.06945 0.5543 1.0893 0.8053
0.1267 0.04799 0.5797 1.0405 0.9455
0.2863 0.04301 0.5049 0.9061 0.6761
0.4525 0.06833 0.7111 1.1487 0.6217
0.3923 0.03703 0.7033 1.0153 0.8161
0.3605 0.05783 0.7719 1.1809 0.6725
0.2797 0.04719 0.7575 1.1685 0.8653
0.4637 0.06707 0.7523 1.0999 0.6253
0.2935 0.04131 0.7663 1.0597 0.8149
0.3281 0.04611 0.8905 1.1917 0.6357
0.2483 0.04837 0.7529 0.8475 0.9109
0.2919 0.04101 0.7665 0.8391 0.6557
0.3643 0.06419 0.8205 1.0141 0.7387
0.3661 0.06685 0.7691 1.1307 0.9325
0.3895 0.06477 0.6887 0.9545 0.6099
0.3811 0.06907 0.7659 1.0389 0.7003
0.1487 0.05549 0.7329 0.8551 0.6475
0.2039 0.06959 0.8245 1.0823 0.7767
0.1841 0.06307 0.6413 1.0955 0.9095
0.3343 0.05049 0.8299 0.8555 0.6083
0.1397 0.03945 0.7379 0.8411 0.9937
0.2381 0.06755 0.5637 0.8225 0.6359
0.1367 0.04585 0.7315 1.0261 0.6631
0.4553 0.03335 0.5309 0.8895 0.7701
0.1529 0.03581 0.8789 0.9215 0.9745
0.1441 0.04535 0.5095 1.0819 0.9119
0.3935 0.06827 0.7795 1.0481 0.9407
0.1527 0.04347 0.7123 1.1457 0.7457
0.4309 0.06475 0.5719 0.8615 0.7233
0.4235 0.05515 0.6055 1.1473 0.6403
0.1221 0.05449 0.5681 1.1151 0.6497
0.2165 0.04427 0.8237 0.8351 0.6471
0.2503 0.06095 0.7685 0.9935 0.9071
0.1235 0.06571 0.6679 1.1507 0.7375
0.1739 0.04225 0.6453 1.1335 0.7789
0.1541 0.06035 0.6749 0.8603 0.9735
0.1981 0.03551 0.8761 1.1921 0.6551
0.2679 0.03257 0.6011 0.8573 0.7941
0.3477 0.03757 0.5775 1.0651 0.9433
0.3867 0.06461 0.7553 1.0523 0.7821
0.1961 0.04087 0.6615 1.1361 0.8497
0.4555 0.06235 0.6187 0.8887 0.8515
0.1313 0.06723 0.5903 1.0881 0.9255
0.4313 0.05407 0.5269 0.9225 0.6505
0.4125 0.04817 0.7473 0.8623 0.8531
0.4889 0.05439 0.7705 1.0003 0.6065
0.2357 0.03807 0.7417 1.1121 0.9969
0.4773 0.03873 0.5469 0.8631 0.9633
0.1761 0.04223 0.7979 1.0745 0.9661
0.3307 0.06183 0.5051 0.8567 0.8805
0.2723 0.04863 0.7623 1.1627 0.7777
0.3095 0.03055 0.5789 1.0993 0.7291
0.2571 0.06429 0.8741 1.0877 0.9897
0.2119 0.04695 0.8385 0.9815 0.6585
0.3233 0.04475 0.6811 1.1481 0.7059
0.3835 0.04605 0.8057 0.8423 0.9299
0.1769 0.03253 0.8815 0.9719 0.7619
0.2719 0.06879 0.8643 1.1047 0.7863
0.1207 0.05815 0.7469 0.9779 0.8785
0.1089 0.06127 0.5655 1.1015 0.9115
0.1671 0.03615 0.7457 1.0949 0.7647
0.3503 0.05841 0.8147 1.0239 0.6319
0.3195 0.04823 0.6483 0.9007 0.7913
0.4103 0.05489 0.7777 1.1877 0.9287
0.2749 0.05735 0.8613 1.0791 0.8257
0.1143 0.03611 0.5663 1.0829 0.7243
0.3111 0.06627 0.5547 0.8367 0.6745
0.2497 0.06921 0.8915 1.0937 0.6587
0.3373 0.03779 0.6401 0.8835 0.6155
0.3583 0.03787 0.8525 0.9725 0.7371
0.4133 0.04595 0.5419 0.8619 0.8285
0.3297 0.05303 0.6345 0.8753 0.7447
0.1709 0.05029 0.6419 0.8783 0.7063
0.2249 0.04953 0.8909 0.9355 0.6695
0.4401 0.04141 0.6985 0.8705 0.9581
0.3367 0.04207 0.6001 1.0687 0.7987
0.4633 0.04227 0.6833 0.8287 0.6893
0.1935 0.05183 0.7511 0.9751 0.6875
0.4067 0.06523 0.5879 1.1655 0.8499
0.1455 0.06245 0.6333 1.0335 0.9327
0.2579 0.03425 0.6247 1.1471 0.6075
0.4377 0.06599 0.8633 1.1731 0.7831
0.3291 0.06573 0.5677 1.0689 0.8299
0.4823 0.05019 0.5063 0.9491 0.7623
0.3573 0.05321 0.6891 0.9741 0.8249
0.4085 0.04083 0.5749 1.0267 0.8119
0.1835 0.05625 0.5293 1.0203 0.8287
0.2857 0.04525 0.6163 1.0851 0.8511
0.1461 0.03831 0.6499 1.0129 0.8963
0.2897 0.04665 0.5071 1.0959 0.8065
0.1075 0.05267 0.5219 0.8095 0.6391
0.1753 0.04987 0.7887 1.0755 0.8651
0.4703 0.05085 0.5845 0.9279 0.6401
0.1615 0.04345 0.6201 1.1847 0.6651
0.3365 0.06197 0.6165 1.1331 0.8971
0.4645 0.05237 0.8039 0.9217 0.9977
0.1495 0.06149 0.8601 1.0207 0.6881
0.1657 0.03411 0.5581 1.0123 0.8041
0.4225 0.04689 0.8271 1.0429 0.9687
0.3177 0.03737 0.7229 0.9663 0.6741
0.1331 0.06117 0.5633 0.8053 0.7539
0.2781 0.05089 0.5625 1.1975 0.9141
0.4623 0.03785 0.7945 0.9173 0.8109
0.4049 0.05275 0.6721 0.8083 0.6239
0.2551 0.04681 0.7369 0.8791 0.6469
0.4321 0.06483 0.6871 0.8711 0.6229
0.1135 0.03359 0.8847 1.1831 0.7685
0.3859 0.05821 0.8469 1.1989 0.6945
0.2259 0.03443 0.6243 0.8507 0.6045
0.2247 0.03387 0.6425 1.1273 0.7615
0.4115 0.06371 0.5013 0.9287 0.9837
0.4867 0.03691 0.8949 1.0063 0.6963
0.3955 0.04529 0.8933 1.1409 0.7985
0.2699 0.03457 0.5723 1.0671 0.7257
0.3093 0.06785 0.5305 0.9123 0.7561
0.4333 0.03447 0.6599 0.8937 0.8831
0.2543 0.05717 0.8079 1.1679 0.6333
0.2573 0.03497 0.6237 1.1169 0.6975
0.3413 0.06305 0.6691 0.8337 0.7899
0.2869 0.04175 0.8457 0.8463 0.7927
0.2491 0.03403 0.5833 1.0361 0.6421
0.1907 0.04983 0.8049 1.1067 0.8295
0.4897 0.05831 0.8277 0.8805 0.6859
0.3609 0.06675 0.8255 0.8127 0.6089
0.3621 0.06935 0.8257 0.9081 0.8121
0.2581 0.05389 0.6733 0.9475 0.8185
0.3487 0.04737 0.8705 1.1143 0.6909
0.1243 0.03541 0.8435 0.8915 0.8937
0.3953 0.05501 0.6057 0.8637 0.7951
0.3445 0.03237 0.6515 0.8905 0.9623
0.4051 0.03557 0.8151 0.9381 0.8277
0.1015 0.05813 0.7863 1.1569 0.8409
0.4277 0.03577 0.6641 0.8145 0.7341
0.3341 0.05317 0.8821 0.9847 0.7093
0.1083 0.04447 0.8629 1.1407 0.9003
0.3967 0.05351 0.5141 0.9647 0.9005
0.3113 0.06541 0.7617 0.8537 0.7787
0.2015 0.05259 0.8937 0.8209 0.8959
0.1219 0.05495 0.8649 1.0065 0.6183
0.1339 0.05919 0.5731 1.1103 0.9639
0.4457 0.03621 0.7833 0.9205 0.7873
0.2355 0.04353 0.5487 0.8217 0.6503
0.4681 0.04043 0.6161 0.9929 0.8783
0.3429 0.05349 0.8837 0.8219 0.6289
0.1459 0.06751 0.7451 1.0173 0.9319
0.4303 0.05977 0.7609 1.1201 0.9107
0.3101 0.04895 0.6335 1.1805 0.6405
0.4691 0.05079 0.7651 0.9717 0.8491
0.1211 0.05063 0.8819 0.8267 0.9575
0.3563 0.03345 0.6131 0.8635 0.9391
0.2577 0.04245 0.6385 1.1945 0.6913
0.3071 0.03227 0.5449 1.0681 0.6943
0.2535 0.03117 0.8471 1.1153 0.7419
0.4499 0.06793 0.5937 0.8055 0.8301
0.2391 0.05597 0.7919 1.1663 0.8371
0.1949 0.03777 0.8727 1.0929 0.6307
0.2617 0.03827 0.7041 1.0023 0.6249
0.4293 0.03605 0.7319 0.9303 0.6451
0.3751 0.04973 0.6907 0.9267 0.6265
0.4355 0.04843 0.5705 0.9971 0.7357
0.4391 0.03203 0.6025 0.8851 0.7523
0.1533 0.05045 0.8007 0.8349 0.8539
0.1803 0.04217 0.5431 1.0995 0.7369
0.4157 0.04765 0.6087 0.8165 0.9189
0.3989 0.05277 0.6479 0.9103 0.8561
0.2883 0.05923 0.6103 0.8595 0.7067
0.2509 0.06579 0.5573 1.1019 0.7403
0.1463 0.05229 0.8523 0.8115 0.7161
0.3087 0.03089 0.7031 1.1881 0.9765
0.3749 0.06263 0.8351 1.0965 0.8789
0.4529 0.03957 0.6459 0.8973 0.7207
0.1727 0.05789 0.8719 0.8353 0.9895
0.2421 0.05309 0.7723 0.9889 0.6463
0.2689 0.04341 0.6193 0.8011 0.8951
0.3289 0.06375 0.5207 1.0467 0.8261
0.4509 0.05583 0.6435 1.0433 0.7635
0.1283 0.04593 0.6145 1.1661 0.8425
0.3807 0.03077 0.8729 1.1521 0.9083
0.3453 0.06369 0.5455 0.8759 0.7989
0.1411 0.03445 0.7191 1.0767 0.7751
0.4483 0.05943 0.8239 1.0355 0.7747
0.3251 0.06057 0.6851 0.8187 0.6755
0.1233 0.04041 0.7787 0.9949 0.9683
0.4995 0.06607 0.8081 1.0983 0.8073
0.1359 0.04829 0.6635 1.1219 0.9727
0.2875 0.04159 0.6169 1.1077 0.9503
0.4659 0.04587 0.7759 0.8415 0.9599
0.2653 0.04171 0.6431 0.9537 0.7049
0.2963 0.05031 0.5435 1.1969 0.7791
0.2351 0.06963 0.5001 0.8697 0.7327
0.4913 0.05965 0.6569 1.0509 0.8977
0.2737 0.05037 0.8113 0.9425 0.9091
0.3361 0.05525 0.7905 0.8241 0.9343
0.1451 0.03301 0.6959 0.9155 0.7153
0.4527 0.05191 0.8877 1.0325 0.8245
0.1561 0.04881 0.5811 0.9679 0.6797
0.2453 0.05887 0.8363 1.1223 0.6343
0.4259 0.04161 0.8783 0.8649 0.8969
0.2631 0.03505 0.5985 0.9113 0.7585
0.1609 0.04807 0.5143 0.8819 0.8403
0.1353 0.05109 0.8167 0.9187 0.8817
0.1009 0.04755 0.6763 0.8299 0.7825
0.1047 0.06531 0.5821 0.9449 0.9111
0.3943 0.05971 0.8209 1.0235 0.8855
0.2647 0.03991 0.5899 0.8421 0.8685
0.4439 0.06837 0.6843 1.0641 0.7639
0.3681 0.03279 0.5957 0.8087 0.6131
0.1033 0.06631 0.7563 0.8381 0.8577
0.1751 0.03133 0.5373 0.9199 0.8767
0.4161 0.06619 0.6971 1.1983 0.8989
0.1651 0.04909 0.8887 1.0925 0.7725
0.3249 0.06689 0.7181 1.1041 0.9943
0.2213 0.04473 0.7405 1.1493 0.8463
0.2821 0.04499 0.7947 1.1255 0.7037
0.1553 0.03791 0.8433 1.1427 0.6889
0.3105 0.04351 0.6303 0.9487 0.9153
0.2989 0.06393 0.7153 1.1709 0.8683
0.1159 0.05653 0.7129 1.0185 0.8283
0.2755 0.06113 0.5521 0.8519 0.7335
0.3159 0.06621 0.7771 0.8687 0.8525
0.3579 0.03317 0.6767 0.8525 0.8957
0.4119 0.05195 0.7917 0.9461 0.6481
0.3075 0.06645 0.6039 1.1991 0.9753
0.1921 0.06637 0.6587 0.8137 0.9907
0.3927 0.05429 0.6509 1.1795 0.9525
0.3639 0.04641 0.5381 1.1389 0.6073
0.4923 0.06903 0.6409 1.1495 0.7715
0.1067 0.04285 0.6065 0.9501 0.6527
0.1139 0.03451 0.7345 1.1525 0.7281
0.4291 0.03369 0.5511 1.1687 0.6619
0.1923 0.05633 0.5003 1.0221 0.6813
0.3379 0.06161 0.8539 1.1935 0.9555
0.2793 0.06753 0.6651 1.1275 0.8381
0.4975 0.05211 0.5837 0.8675 0.7743
0.1573 0.04179 0.8183 1.1927 0.8401
0.1531 0.03723 0.6135 1.0907 0.6521
0.1027 0.05319 0.7343 1.1801 0.9847
0.1119 0.05399 0.8541 0.9939 0.8669
0.2171 0.03143 0.6207 1.0751 0.8197
0.3825 0.03915 0.8749 1.1587 0.9535
0.3773 0.05169 0.6353 1.1327 0.6719
0.2459 0.03675 0.5421 1.0583 0.7839
0.1055 0.03327 0.5745 1.0249 0.9693
0.2697 0.05585 0.7075 1.0719 0.6443
0.1583 0.06561 0.5593 1.1633 0.7687
0.1337 0.05537 0.5583 0.8591 0.7367
0.4833 0.03459 0.6863 1.0341 0.9085
0.4097 0.06521 0.7037 0.9153 0.6993
0.2375 0.03441 0.8593 0.9301 0.9001
0.3319 0.06583 0.6469 1.0703 0.8363
0.3447 0.04501 0.5241 1.0243 0.6649
0.2147 0.04407 0.5091 0.8535 0.8179
0.3137 0.03399 0.6915 1.1095 0.6973
0.4713 0.04547 0.7873 0.8985 0.9963
0.3021 0.03795 0.6343 0.8173 0.6817
0.3665 0.03183 0.7949 0.9335 0.6009
0.2415 0.06829 0.7823 0.9253 0.9879
0.4821 0.05365 0.7505 0.9043 0.9643
0.1575 0.04541 0.5289 1.0515 0.8527
0.3161 0.05541 0.5103 1.0027 0.9243
0.1317 0.03981 0.8473 1.1765 0.9675
0.2901 0.04061 0.6331 1.0047 0.9887
0.2167 0.04237 0.7445 1.1977 0.7745
0.3723 0.03153 0.7953 0.8101 0.7191
0.1915 0.03649 0.8365 1.0031 0.8633
0.3815 0.03733 0.5245 1.0589 0.6533
0.2107 0.03639 0.5891 0.9143 0.8557
0.4739 0.04281 0.6155 0.9283 0.6033
0.2331 0.04423 0.8361 0.8093 0.6007
0.4201 0.04567 0.8921 0.9405 0.7343
0.2729 0.05457 0.8563 1.0975 0.7627
0.2409 0.05673 0.8215 0.9451 0.9065
0.1663 0.04783 0.6173 1.1467 0.6461
0.2553 0.05131 0.8827 1.0973 0.6339
0.1223 0.06413 0.5343 1.1425 0.6185
0.3049 0.05627 0.7285 1.1523 0.7047
0.2011 0.05269 0.5945 1.0657 0.6287
0.4927 0.05825 0.8945 1.0753 0.8385
0.3405 0.06067 0.6109 0.9709 0.6785
0.1253 0.03217 0.5575 1.1925 0.6851
0.2437 0.05033 0.8099 0.8653 0.8701
0.4449 0.03963 0.6249 0.9027 0.7771
0.2615 0.05833 0.6527 0.8925 0.7183
0.3033 0.04963 0.5961 1.1803 0.7543
0.4101 0.06787 0.7569 1.0845 0.9213
0.4689 0.05247 0.7975 1.0649 0.7507
0.1189 0.03063 0.6719 1.0499 0.6367
0.3377 0.03645 0.8711 1.1775 0.7631
0.1661 0.03087 0.7739 1.1269 0.7517
0.4245 0.05543 0.7399 1.0317 0.6157
0.3451 0.06003 0.8795 1.1751 0.8137
0.2441 0.06695 0.5649 1.1341 0.6241
0.3557 0.06447 0.8069 1.1505 0.8655
0.1195 0.06809 0.6623 0.8389 0.9899
0.4413 0.05595 0.6775 1.1571 0.7041
0.2023 0.06077 0.8805 0.9353 0.8961
0.4571 0.06847 0.7913 0.8643 0.9027
0.4711 0.06445 0.7983 0.9643 0.7695
0.2979 0.04413 0.8191 0.9057 0.9631
0.1127 0.03643 0.5417 0.9171 0.7575
0.4443 0.03509 0.6177 0.8769 0.9701
0.1519 0.04239 0.5067 1.0497 0.7609
0.3975 0.06703 0.7581 1.1469 0.8877
0.1157 0.04619 0.5647 1.1959 0.9551
0.1523 0.05189 0.5147 0.8939 0.9579
0.2045 0.03225 0.5257 1.1515 0.9409
0.1685 0.03685 0.8979 1.0175 0.6061
0.4901 0.05231 0.5163 0.9843 0.8427
0.4063 0.06913 0.7597 0.8947 0.6055
0.2461 0.06519 0.6911 1.0199 0.9851
0.3891 0.04167 0.7967 1.1133 0.7147
0.3791 0.03799 0.7751 0.9869 0.8021
0.2717 0.06017 0.8021 1.0469 0.6911
0.4223 0.05143 0.7407 0.8329 0.8113
0.4379 0.03351 0.5157 1.1785 0.9743
0.3599 0.03823 0.8657 1.1741 0.6297
0.3499 0.05069 0.5059 0.8943 0.8031
0.2393 0.05755 0.7211 1.1789 0.8715
0.2609 0.03035 0.8585 0.9677 0.9975
0.1275 0.05907 0.7019 0.9693 0.6799
0.1019 0.05165 0.6771 1.1857 0.9921
0.2309 0.03091 0.7371 1.1579 0.9737
0.4163 0.04289 0.5711 0.8713 0.8383
0.2105 0.05215 0.5461 0.9803 0.7445
0.3699 0.06049 0.6133 1.0131 0.7689
0.1983 0.06971 0.7305 1.0453 0.9127
0.2365 0.04577 0.7825 0.9497 0.6613
0.2623 0.03793 0.5017 1.1371 0.6109
0.4795 0.05023 0.8233 1.0945 0.9231
0.4569 0.05337 0.8849 1.0761 0.8023
0.4607 0.04749 0.8273 0.8031 0.9559
0.3597 0.05829 0.7419 0.9757 0.9785
0.4915 0.06367 0.7995 0.9903 0.6373
0.4019 0.04763 0.8653 0.8283 0.7961
0.3099 0.06341 0.8843 1.1837 0.7081
0.2665 0.06087 0.7695 0.8811 0.9485
0.2085 0.06629 0.8077 1.0245 0.6413
0.1993 0.03881 0.6041 1.0155 0.6087
0.2037 0.05881 0.6015 1.1005 0.8429
0.3961 0.05115 0.7317 0.9879 0.9913
0.3745 0.05255 0.8811 1.0611 0.9351
0.1549 0.05333 0.6325 1.0569 0.6771
0.4987 0.04467 0.7865 1.0227 0.8305
0.2835 0.06889 0.8319 1.0459 0.7285
0.3793 0.04085 0.8775 1.1231 0.6129
0.4803 0.06283 0.6347 0.9835 0.7853
0.3543 0.03491 0.8219 0.9991 0.9431
0.2329 0.03609 0.7309 0.8971 0.7823
0.1991 0.04081 0.5661 0.8163 0.9395
0.2347 0.03003 0.6969 0.8257 0.6897
0.3321 0.06781 0.5715 1.1357 0.7045
0.3509 0.04137 0.7367 0.9299 0.8155
0.2725 0.03539 0.5281 1.0535 0.6191
0.2175 0.04867 0.8589 1.1631 0.6407
0.2739 0.03199 0.5061 1.1251 0.6437
0.4095 0.03659 0.6789 1.0921 0.8281
0.2621 0.04333 0.8537 1.0727 0.8609
0.1619 0.05299 0.7049 0.8271 0.6995
0.2881 0.03381 0.5861 0.8839 0.9381
0.4023 0.06649 0.8285 1.0885 0.7051
0.1511 0.03679 0.8829 0.9277 0.7565
0.1673 0.04307 0.7541 0.9341 0.7295
0.4243 0.04487 0.8989 0.9165 0.7099
0.4385 0.04653 0.5527 0.8413 0.7427
0.2999 0.03999 0.5089 1.1911 0.8979
0.1153 0.06331 0.5589 1.1823 0.8875
0.2295 0.04185 0.8833 1.0707 0.6831
0.1093 0.06227 0.8983 0.8063 0.6123
0.3399 0.03869 0.8631 0.9627 0.9511
0.2071 0.06509 0.8813 0.9247 0.6409
0.2091 0.05705 0.8717 1.1797 0.6335
0.3949 0.04505 0.5757 0.9309 0.9707
0.3359 0.04481 0.5377 1.1139 0.8639
0.3473 0.06141 0.8881 1.0347 0.6621
0.2157 0.06295 0.6195 1.0111 0.6151
0.4863 0.05767 0.7625 1.0639 0.9731
0.4967 0.03315 0.5035 0.9409 0.8781
0.1201 0.06839 0.7747 1.1719 0.9819
0.3331 0.04099 0.8567 1.0599 0.8755
0.3389 0.05209 0.6257 1.1213 0.8773
0.3645 0.06869 0.7065 0.8065 0.8199
0.3375 0.06919 0.8765 1.1543 0.8025
0.4423 0.03533 0.8267 1.0009 0.9151
0.4511 0.03503 0.8447 0.8975 0.8835
0.4129 0.05661 0.8571 1.0735 0.6381
0.1629 0.03647 0.5783 1.1511 0.6021
0.4953 0.04931 0.8005 0.9633 0.6999
0.4801 0.04273 0.7749 1.1491 0.7253
0.3627 0.06353 0.8489 1.0663 0.9219
0.3591 0.03601 0.6535 0.8303 0.9777
0.4745 0.03371 0.7003 0.8201 0.8795
0.2135 0.06871 0.8695 1.1323 0.9427
0.3733 0.05409 0.8691 0.9221 0.6777
0.3223 0.04625 0.7015 0.9607 0.8311
0.2487 0.03513 0.8085 0.9351 0.8821
0.2485 0.05797 0.8681 1.0489 0.7017
0.3417 0.06059 0.8145 1.1603 0.7921
0.2231 0.06993 0.6107 1.0797 0.8017
0.4153 0.04113 0.6205 0.8435 0.6027
0.1365 0.05925 0.6537 1.1615 0.6145
0.4941 0.04911 0.7827 1.1635 0.7991
0.3821 0.05421 0.6255 1.1819 0.7641
0.4701 0.03069 0.8873 1.0147 0.7015
0.4677 0.06193 0.7005 1.0119 0.6715
0.4851 0.04775 0.6093 1.0899 0.6825
0.1165 0.06961 0.8529 1.1199 0.8479
0.1849 0.06321 0.8231 0.9899 0.9779
0.3877 0.06547 0.6621 0.9455 0.8355
0.3201 0.03365 0.6627 0.9387 0.8871
0.2527 0.06953 0.5081 1.1649 0.6315
0.4143 0.04409 0.8621 1.1683 0.9691
0.1277 0.04241 0.8429 0.9483 0.7769
0.3081 0.04359 0.8867 1.0553 0.9495
0.1833 0.03637 0.5567 0.8035 0.8293
0.1321 0.03979 0.7147 0.9115 0.8455
0.1467 0.05765 0.8483 1.0861 0.9663
0.2067 0.03099 0.6997 1.0041 0.8607
0.2387 0.04389 0.8463 1.1443 0.8771
0.2269 0.06165 0.7247 0.9645 0.6601
0.4591 0.05305 0.5107 0.9093 0.7953
0.4105 0.04457 0.8287 1.1937 0.7071
0.2971 0.03343 0.6725 0.9499 0.7729
0.1819 0.04421 0.6761 1.0987 0.8659
0.3805 0.05867 0.5701 1.0213 0.6549
0.4585 0.03147 0.5369 0.8291 0.8351
0.3903 0.04157 0.6743 0.8397 0.7999
0.2057 0.05959 0.7193 1.0443 0.8343
0.1193 0.06489 0.5769 1.1059 0.7449
0.2635 0.04373 0.8687 0.9975 0.9223
0.2957 0.06705 0.5225 1.0913 0.8061
0.4117 0.03563 0.8399 0.9421 0.6779
0.2227 0.05589 0.8291 1.0225 0.8623
0.1237 0.03657 0.7151 1.1711 0.6935
0.3125 0.06277 0.8453 0.8253 0.9985
0.1987 0.04459 0.5601 1.1707 0.7665
0.2839 0.03261 0.8777 0.9071 0.6379
0.3237 0.04147 0.5021 1.0465 0.6767
0.4531 0.03949 0.5457 1.1575 0.9021
0.4729 0.03821 0.6143 0.9481 0.7871
0.3561 0.04419 0.5871 0.8799 0.7911
0.4797 0.05889 0.8861 0.8375 0.7813
0.4039 0.05205 0.6457 1.1865 0.8601
0.3529 0.03409 0.6751 1.1767 0.9739
0.3963 0.05963 0.5841 0.9109 0.8221
0.3285 0.03395 0.5737 0.9965 0.6689
0.4907 0.06853 0.5179 0.9323 0.8195
0.4187 0.05903 0.6809 0.8941 0.7779
0.2081 0.06981 0.5753 1.0871 0.6727
0.2443 0.03167 0.7465 1.1901 0.8987
0.1471 0.06553 0.8703 1.1261 0.8927
0.3971 0.03507 0.5545 0.9823 0.7959
0.1683 0.03849 0.5355 0.9789 0.9033
0.3737 0.03971 0.7927 0.9945 0.7087
0.2095 0.06771 0.7773 1.1399 0.7667
0.3135 0.04945 0.6477 0.9159 0.9577
0.4469 0.03179 0.6675 1.0365 0.8549
0.2031 0.03255 0.7443 0.8693 0.7027
0.4343 0.05293 0.5571 1.1979 0.8057
0.4707 0.05913 0.7097 1.0991 0.9411
0.4799 0.05137 0.7545 1.0445 0.7125
0.4429 0.03815 0.7699 1.1833 0.7657
0.4393 0.05681 0.7359 1.1379 0.8107
0.1231 0.06593 0.5965 1.0307 0.8141
0.3383 0.03837 0.8395 1.1539 0.7677
0.4437 0.06841 0.7201 1.0911 0.6671
0.2751 0.04299 0.5391 0.9767 0.8691
0.4237 0.06401 0.7167 0.8277 0.9839
0.3611 0.04985 0.5353 1.1465 0.8111
0.2187 0.06167 0.8575 0.9863 0.7521
0.4593 0.05507 0.6551 1.0843 0.8223
0.2675 0.05465 0.6505 1.1769 0.7453
0.2995 0.05689 0.8179 1.1129 0.7735
0.3673 0.05779 0.8491 0.8025 0.7297
0.3787 0.06469 0.5189 0.9083 0.8447
0.2097 0.04847 0.5561 1.0125 0.6763
0.2913 0.04197 0.6745 1.1305 0.9711
0.2083 0.03857 0.8521 1.0067 0.6989
0.2469 0.06515 0.5135 1.1147 0.9297
0.1273 0.05587 0.8107 1.1083 0.9517
0.2837 0.05101 0.7055 1.0721 0.6887
0.2507 0.06765 0.7233 0.9659 0.7299
0.3029 0.05491 0.5259 1.0957 0.9493
0.3395 0.04381 0.5401 1.0083 0.8127
0.4997 0.03219 0.8501 1.1209 0.9733
0.4297 0.06559 0.7119 1.0279 0.9201
0.2899 0.06775 0.7157 0.8401 0.7211
0.3769 0.03801 0.7501 0.8669 0.8513
0.1203 0.04637 0.5983 1.0847 0.8259
0.2473 0.03907 0.7765 1.1573 0.8035
0.1187 0.03987 0.8545 0.8813 0.8897
0.4929 0.03713 0.6873 0.8763 0.7307
0.4715 0.04011 0.8823 0.8437 0.6861
0.4575 0.06663 0.6783 1.1337 0.9337
0.2657 0.03033 0.5277 0.8373 0.9307
0.3303 0.06813 0.8641 0.8523 0.8635
0.1197 0.03863 0.5759 1.1211 0.7555
0.3919 0.05685 0.5231 0.8427 0.8163
0.3881 0.06725 0.5517 1.1909 0.7075
0.3965 0.06623 0.6693 1.0461 0.6049
0.4769 0.05379 0.5921 1.0483 0.7617
0.2207 0.06259 0.8481 1.1659 0.8843
0.2367 0.06657 0.5563 1.1995 0.6637
0.3553 0.06611 0.8969 1.0933 0.8807
0.1743 0.03221 0.6443 0.9001 0.7925
0.3047 0.03767 0.8943 1.1993 0.7249
0.2783 0.06387 0.5329 1.0375 0.7173
0.4213 0.05803 0.7679 0.8951 0.6747
0.4461 0.03205 0.6033 1.0775 0.7443
0.4911 0.04899 0.8373 1.0177 0.8399
0.4257 0.05017 0.8115 0.9671 0.9673
0.3899 0.05651 0.6903 0.9361 0.8081
0.4233 0.03375 0.6449 0.8301 0.8725
0.3685 0.06779 0.6305 0.9783 0.9769
0.3309 0.05425 0.6261 1.1165 0.9313
0.1903 0.05573 0.8309 0.8215 0.6275
0.1053 0.06153 0.8891 0.9523 0.6051
0.3077 0.05739 0.7459 1.1265 0.6035
0.3007 0.05323 0.8543 0.8431 0.8493
0.2261 0.04269 0.7559 1.1845 0.9383
0.3913 0.03461 0.7043 0.9099 0.7095
0.2271 0.06761 0.7135 0.9235 0.9415
0.1133 0.06287 0.8317 1.0471 0.8453
0.4843 0.06937 0.5733 1.1913 0.7865
0.2681 0.06851 0.8335 1.0905 0.9945
0.4965 0.05157 0.5515 0.8409 0.6589
0.3533 0.03585 0.7187 1.1779 0.6285
0.1691 0.04617 0.7323 1.1923 0.6331
0.2627 0.05091 0.5205 1.0363 0.9069
0.2007 0.06403 0.8443 1.0627 0.7943
0.3997 0.06107 0.5853 1.0549 0.9877
0.4857 0.06899 0.8135 0.9239 0.7121
0.3731 0.05809 0.7835 0.9311 0.7583
0.3763 0.03773 0.6491 0.9163 0.7505
0.3019 0.05367 0.5549 1.0813 0.8945
0.1057 0.04659 0.6633 0.8565 0.6515
0.4621 0.05185 0.7805 1.0857 0.8583
0.3317 0.06885 0.6629 1.0265 0.6383
0.3337 0.06123 0.6923 0.9853 0.7847
0.4165 0.04153 0.5613 0.9529 0.9389
0.1505 0.04155 0.5447 0.9535 0.7057
0.4979 0.03177 0.6073 0.8263 0.9163
0.3625 0.05225 0.6765 1.0967 0.7755
0.4859 0.05347 0.5819 0.9947 0.7397
0.3155 0.06549 0.5877 1.1477 0.8791
0.4513 0.06309 0.5321 1.1869 0.8523
0.1945 0.04283 0.7057 1.1303 0.8481
0.1063 0.05781 0.5083 0.9161 0.6795
0.4981 0.06749 0.6007 0.9197 0.9783
0.4381 0.04811 0.6463 1.0585 0.8145
0.2065 0.05035 0.5713 0.9699 0.7491
0.4717 0.05731 0.5639 1.0385 0.8921
0.2493 0.06357 0.5247 0.9557 0.9801
0.4003 0.03337 0.5385 1.0011 0.7061
0.4151 0.06251 0.8173 1.1451 0.6211
0.4819 0.05929 0.8531 0.9211 0.6507
0.4837 0.05917 0.5599 1.0143 0.6699
0.2363 0.04781 0.6617 0.9233 0.9225
0.2217 0.03559 0.8411 1.1475 0.8393
0.3079 0.04919 0.8739 1.1367 0.9611
0.3461 0.03875 0.7189 1.0015 0.7399
0.1887 0.05703 0.5299 1.0643 0.7079
0.1715 0.06119 0.6153 0.8757 0.6617
0.1871 0.04705 0.6235 0.9849 0.8667
0.2767 0.05419 0.8903 1.0269 0.9715
0.3051 0.03367 0.6999 1.0551 0.6751
0.1707 0.03943 0.8895 0.8091 0.9585
0.1043 0.06757 0.7843 0.8897 0.8005
0.4463 0.04451 0.5659 1.1629 0.6781
0.2853 0.05773 0.8035 1.0423 0.7459
0.1113 0.06585 0.5333 0.8185 0.7385
0.3333 0.05761 0.7821 1.0181 0.7417
0.2949 0.05331 0.6077 0.8161 0.7547
0.3127 0.04233 0.5323 1.1403 0.7373
0.4349 0.04543 0.8047 0.9711 0.9505
0.4899 0.04401 0.6365 0.9755 0.6683
0.1069 0.03149 0.7051 0.9661 0.9723
0.4959 0.05873 0.7487 0.9319 0.8705
0.3419 0.05327 0.5989 1.1429 0.9349
0.1975 0.05173 0.8985 1.1691 0.7887
0.1877 0.06863 0.5935 0.8061 0.9803
0.1989 0.03817 0.5679 1.1703 0.6369
0.4361 0.05593 0.5923 1.1841 0.6539
0.1503 0.06855 0.5301 1.0805 0.7009
0.3109 0.06729 0.6729 0.9933 0.9771
0.3527 0.04117 0.7689 1.0193 0.8925
0.1897 0.03417 0.6097 1.0633 0.7597
0.4479 0.06229 0.7929 1.0883 0.8187
0.1241 0.03379 0.8715 0.9549 0.9759
0.3569 0.06687 0.7197 0.8885 0.9339
0.3669 0.06009 0.5635 1.0795 0.7169
0.4777 0.06861 0.6821 1.1063 0.7263
0.3615 0.05253 0.6023 1.0613 0.8625
0.1597 0.03119 0.5807 1.1669 0.9537
0.1851 0.05645 0.6147 0.8279 0.9637
0.1581 0.06501 0.6445 0.9747 0.6439
0.3199 0.04035 0.7235 1.0251 0.8329
0.1815 0.05615 0.7579 0.8021 0.7797
0.3929 0.06815 0.5591 1.1459 0.8881
0.4211 0.05863 0.6267 0.8771 0.7819
0.3663 0.03065 0.5405 0.8213 0.8143
0.3011 0.04511 0.8581 1.0291 0.7201
0.1419 0.04853 0.6159 0.8143 0.6429
0.3505 0.05315 0.5831 0.9271 0.7185
0.4881 0.06089 0.5273 1.1825 0.7347
0.4403 0.05345 0.5171 0.8331 0.6459
0.3739 0.04479 0.5933 1.0487 0.9359
0.3789 0.04417 0.8243 1.1417 0.8437
0.1297 0.06191 0.7869 0.8997 0.9565
0.1173 0.04443 0.6489 0.8575 0.6705
0.2955 0.06487 0.8111 1.1349 0.8435
0.1249 0.04861 0.5631 1.0863 0.6115
0.4447 0.03013 0.7727 1.1385 0.8933
0.3045 0.04051 0.6807 1.1777 0.8309
0.3671 0.04015 0.7195 1.0033 0.6001
0.2713 0.04323 0.7021 0.9855 0.7413
0.1435 0.03341 0.5045 1.1233 0.7313
0.4371 0.03879 0.7231 1.0441 0.8201
0.4871 0.03275 0.7463 0.9157 0.7717
0.1311 0.03269 0.7139 0.9685 0.7477
0.1623 0.05147 0.5223 0.9493 0.9629
0.2905 0.03067 0.5291 1.1799 0.9615
0.3401 0.04125 0.5721 0.9009 0.8167
0.4733 0.05787 0.6581 0.8235 0.6597
0.1147 0.06151 0.5285 1.1197 0.8129
0.4563 0.05631 0.7271 0.8005 0.6125
0.3837 0.06423 0.7447 1.0053 0.8375
0.4431 0.05857 0.6511 1.0283 0.9417
0.4905 0.06243 0.7063 1.1001 0.8863
0.1011 0.06361 0.7213 1.0517 0.9239
0.1785 0.06085 0.7107 1.1585 0.6329
0.3595 0.03523 0.8011 1.0275 0.7409
0.4109 0.06343 0.5995 0.9429 0.9143
0.4649 0.04213 0.8315 1.0635 0.8737
0.3707 0.06709 0.8339 0.8157 0.6677
0.2129 0.04489 0.8383 0.8735 0.6173
0.4515 0.04621 0.7435 1.1863 0.6037
0.2991 0.03281 0.6049 0.8321 0.6279
0.2651 0.05243 0.8807 0.9597 0.7197
0.2273 0.05021 0.7261 1.1175 0.9017
0.3349 0.04321 0.7655 1.0095 0.7535
0.4159 0.06125 0.5023 0.8151 0.7303
0.4815 0.03285 0.5867 1.0059 0.9263
0.4779 0.03995 0.7471 1.0367 0.7289
0.4935 0.03029 0.6853 1.0403 0.6867
0.3957 0.04135 0.8441 1.0503 0.6823
0.3235 0.05179 0.7265 1.1289 0.9809
0.1445 0.05715 0.7415 0.8919 0.9557
0.3041 0.04927 0.7223 0.9957 0.9953
0.4171 0.06215 0.6111 0.8295 0.8233
0.2951 0.06155 0.7289 0.9379 0.8947
0.2235 0.03667 0.7991 0.9953 0.7611
0.1675 0.06897 0.5185 0.9781 0.8327
0.1291 0.06891 0.6323 1.0399 0.7613
0.2397 0.06493 0.6723 1.0619 0.9795
0.4001 0.05639 0.5411 0.9793 0.9949
0.1079 0.04037 0.8403 0.9435 0.9155
0.3107 0.05951 0.6493 0.9801 0.9827
0.3261 0.05871 0.5503 0.9107 0.6537
0.2855 0.05981 0.5771 0.9669 0.9321
0.4983 0.04599 0.8199 0.9329 0.9813
0.1847 0.04743 0.7627 1.0577 0.8227
0.1373 0.03841 0.7867 1.0779 0.6093
0.4491 0.04603 0.7611 0.9467 0.7271
0.2741 0.06479 0.6797 0.8893 0.9773
0.1879 0.04079 0.5165 0.9005 0.7287
0.1155 0.06543 0.8995 0.9941 0.7877
0.1601 0.05611 0.6361 0.9457 0.9177
0.2017 0.05059 0.6639 0.9015 0.9959
0.3551 0.03057 0.5463 1.1963 0.9649
0.4433 0.05187 0.6787 1.1287 0.7781
0.3659 0.04491 0.6461 0.9045 0.9927
0.2389 0.05311 0.5349 1.0789 0.9635
0.1539 0.03701 0.5535 0.9469 0.8131
0.4597 0.05099 0.6309 0.8449 0.9667
0.3937 0.03427 0.8159 0.8715 0.8291
0.3555 0.06053 0.8645 1.0395 0.6325
0.4971 0.06005 0.7647 1.1441 0.9429
0.4721 0.06019 0.7645 1.0849 0.6327
0.1145 0.05051 0.8623 0.8581 0.6697
0.1097 0.06131 0.7353 0.8343 0.6057
0.1289 0.06325 0.7293 1.1537 0.9489
0.4091 0.04745 0.6123 0.8867 0.6977
0.2463 0.04533 0.6661 0.8175 0.9317
0.3853 0.03973 0.6359 0.9003 0.8833
0.3131 0.06439 0.7109 0.8117 0.9487
0.3089 0.06271 0.7433 0.9053 0.6691
0.1271 0.04803 0.6699 0.9149 0.9063
0.4951 0.03589 0.7413 1.0711 0.6301
0.3219 0.04725 0.6995 0.9811 0.7039
0.2537 0.06391 0.6183 0.8931 0.8117
0.2833 0.03567 0.8845 1.0977 0.6197
0.4345 0.06799 0.6137 1.0151 0.7401
0.4407 0.05443 0.6221 1.1185 0.8331
0.1913 0.06737 0.5261 0.9463 0.8741
0.3151 0.04039 0.6893 0.9023 0.7923
0.3483 0.06951 0.7029 1.1715 0.7485
0.2283 0.03597 0.7951 1.1387 0.6235
0.2987 0.05417 0.7915 1.0603 0.6815
0.1179 0.04741 0.8825 0.9555 0.7977
0.1141 0.03933 0.5765 0.8837 0.9689
0.4405 0.04521 0.5551 0.9797 0.8565
0.2969 0.05733 0.8345 0.8869 0.8353
0.2245 0.05771 0.5335 1.0323 0.8999
0.2703 0.06537 0.6355 1.0479 0.8517
0.1307 0.03975 0.8031 1.0679 0.6117
0.2607 0.03113 0.8755 0.8625 0.6625
0.3229 0.05373 0.7977 0.9931 0.6685
0.1595 0.03429 0.8577 0.8841 0.7599
0.3217 0.05471 0.5041 1.0563 0.7807
0.4939 0.06575 0.8325 1.0381 0.9067
0.3729 0.05469 0.6277 0.9739 0.6789
0.3103 0.06915 0.7641 0.9571 0.6595
0.3283 0.05433 0.6657 0.8447 0.9347
0.3517 0.06773 0.6867 0.9505 0.6013
0.4047 0.05015 0.7127 0.9131 0.6571
0.4961 0.04023 0.5643 0.9649 0.8019
0.3189 0.05453 0.8269 1.1115 0.8677
0.1003 0.05287 0.6379 1.0985 0.8123
0.1679 0.03017 0.5283 0.9121 0.8869
0.3245 0.06555 0.6045 0.9169 0.7025
0.3411 0.05475 0.5203 0.9553 0.8037
0.3709 0.05149 0.7961 1.0935 0.7383
0.1429 0.04335 0.6291 0.9587 0.6311
0.1099 0.06337 0.7817 1.1517 0.7533
0.4029 0.03741 0.5053 0.8569 0.8551
0.3713 0.03483 0.7775 1.1479 0.7793
0.1639 0.05493 0.6245 1.0695 0.9747
0.3381 0.05545 0.6081 0.9901 0.9491
0.1325 0.04361 0.8445 1.0495 0.8055
0.3847 0.05915 0.8743 1.1643 0.8335
0.2589 0.05635 0.8975 0.9175 0.6313
0.1723 0.04319 0.6849 1.1499 0.7389
0.2499 0.03121 0.8281 1.0021 0.8467
0.3225 0.03923 0.8263 0.9761 0.6465
0.4241 0.05897 0.6519 0.8857 0.8743
0.2773 0.05801 0.8557 0.9237 0.8469
0.2895 0.04181 0.5033 0.9055 0.7353
0.1215 0.06233 0.8185 1.0737 0.7675
0.3675 0.04045 0.8791 1.1317 0.6575
0.4735 0.06157 0.8125 1.1061 0.7013
0.2545 0.06111 0.7793 1.0191 0.9211
0.4809 0.06545 0.8087 0.8955 0.8059
0.4455 0.04127 0.8371 1.0941 0.8879
0.2743 0.04747 0.5975 1.1259 0.9077
0.2361 0.04753 0.7507 0.8761 0.7591
0.2185 0.05713 0.5693 0.8721 0.9103
0.2501 0.05135 0.8369 1.0127 0.9437
0.2257 0.04787 0.6925 0.8125 0.8477
0.3069 0.05613 0.8349 1.0145 0.7043
0.4687 0.04839 0.7963 0.9471 0.7965
0.2267 0.04929 0.7439 1.0593 0.6547
0.2413 0.05795 0.8393 1.1239 0.9081
0.3301 0.05413 0.5239 1.0165 0.6793
0.2181 0.04151 0.8665 1.0889 0.9073
0.2191 0.06219 0.7091 0.8983 0.6053
0.4765 0.06735 0.7911 1.1215 0.8721
0.3203 0.06415 0.8055 1.1217 0.8907
0.4323 0.05791 0.7183 1.1299 0.8495
0.3577 0.04671 0.6897 1.0705 0.6031
0.3535 0.06975 0.8313 0.9327 0.6599
0.2859 0.05623 0.7709 0.8483 0.8475
0.2009 0.06417 0.6817 1.1431 0.8903
0.2939 0.03109 0.6279 1.1949 0.6495
0.2425 0.03543 0.5339 1.1807 0.9995
0.2005 0.05643 0.8651 0.8013 0.9145
0.4263 0.03107 0.5997 0.8237 0.9957
0.4865 0.04441 0.8555 1.1737 0.8013
0.2775 0.06497 0.5773 0.9525 0.8845
0.1465 0.06767 0.8587 1.0271 0.6281
0.3481 0.03349 0.6895 0.9637 0.8207
0.3273 0.05235 0.5317 0.8311 0.6517
0.2629 0.03753 0.7993 1.0237 0.7929
0.2785 0.05601 0.8265 1.0601 0.9459
0.4533 0.05467 0.8505 1.1333 0.9979
0.2431 0.04537 0.7697 1.0017 0.7939
0.4969 0.04369 0.8053 0.9097 0.6003
0.1255 0.05709 0.7117 1.1097 0.8171
0.2747 0.06027 0.8165 0.8081 0.8231
0.1199 0.06617 0.5037 0.8071 0.7605
0.4683 0.03295 0.8303 0.8731 0.6905
0.1217 0.04841 0.8797 0.9859 0.8347
0.1827 0.05885 0.5927 1.1207 0.7219
0.4521 0.03531 0.8941 0.8553 0.6317
0.1865 0.06377 0.7489 1.0099 0.9595
0.2121 0.06223 0.8431 1.0733 0.7903
0.3257 0.06983 0.5835 0.9813 0.6679
0.3657 0.05007 0.7325 1.1093 0.7251
0.2795 0.04065 0.5311 0.8231 0.8419
0.4265 0.06639 0.6439 1.0263 0.9625
0.2711 0.04785 0.8207 1.0801 0.6349
0.3433 0.06209 0.5429 1.1623 0.9167
0.2825 0.05859 0.5777 1.0835 0.8693
0.4005 0.06495 0.7087 1.0647 0.9947
0.3491 0.06505 0.8247 0.8561 0.8439
0.4441 0.05105 0.8573 1.1787 0.8681
0.1725 0.05279 0.8639 0.9295 0.8535
0.3755 0.05519 0.6697 1.1641 0.8537
0.3893 0.05061 0.5795 1.1363 0.8823
0.2041 0.05993 0.5027 0.8477 0.8547
0.2973 0.04757 0.5221 1.1109 0.9763
0.2567 0.05461 0.8419 0.8655 0.8237
0.4919 0.05177 0.7449 0.9915 0.8521
0.2521 0.03339 0.5887 0.8077 0.8649
0.2667 0.03421 0.6609 1.0157 0.7973
0.4709 0.05357 0.7083 1.1227 0.9971
0.4549 0.04855 0.6899 0.9031 0.6529
0.4193 0.05819 0.8883 1.1051 0.9385
0.1971 0.03561 0.8515 1.1549 0.6635
0.1205 0.03169 0.5471 0.9419 0.7757
0.4943 0.04229 0.5767 1.1351 0.7407
0.2403 0.06311 0.5609 1.1071 0.7465
0.4903 0.04975 0.6973 1.0357 0.7247
0.2929 0.06339 0.7907 0.9867 0.7827
0.1779 0.04877 0.6855 1.0697 0.8075
0.4145 0.06877 0.5489 0.9489 0.6119
0.1085 0.04143 0.5237 1.0539 0.7529
0.3845 0.04267 0.7481 0.8177 0.6017
0.2495 0.06399 0.5787 1.1665 0.8445
0.2511 0.04263 0.5427 0.8557 0.7525
0.1979 0.03079 0.6421 1.1089 0.8177
0.1953 0.04119 0.8733 0.9909 0.7319
0.3781 0.04707 0.8235 0.8683 0.6737
0.3695 0.05979 0.6327 1.1973 0.9393
0.1885 0.04633 0.8647 0.9073 0.7949
0.1855 0.03265 0.8105 1.1695 0.9539
0.2383 0.06261 0.8897 0.9383 0.9315
0.4209 0.04635 0.7783 1.0409 0.9303
0.2377 0.05811 0.7499 0.9681 0.7363
0.1943 0.05415 0.7431 1.0109 0.6965
0.1229 0.05569 0.6977 1.1821 0.8251
0.3073 0.04349 0.7299 1.0457 0.9283
0.2341 0.05657 0.5499 1.0625 0.8865
0.2429 0.03951 0.6889 1.1613 0.8165
0.3607 0.06385 0.8549 0.8815 0.6713
0.1745 0.06297 0.7079 0.8511 0.9967
0.4743 0.06597 0.5367 1.0451 0.6733
0.4647 0.06615 0.8663 1.0541 0.8895
0.3559 0.05985 0.5689 0.9907 0.6177
0.2133 0.03439 0.6819 1.0349 0.9265
0.3121 0.03323 0.8121 0.9181 0.6247
0.1017 0.04485 0.6921 1.1297 0.7221
0.3979 0.03145 0.6585 0.9503 0.6351
0.3833 0.03361 0.8767 1.0331 0.9157
0.2359 0.03883 0.5595 0.8633 0.6661
0.1567 0.04925 0.8699 1.0951 0.6829
0.2529 0.03721 0.6513 0.8709 0.9261
0.2149 0.06807 0.8709 0.8909 0.7137
0.2915 0.03895 0.5509 1.1519 0.7101
0.2671 0.03993 0.6845 0.9603 0.7855
0.1965 0.04651 0.8117 0.8199 0.9613
0.2909 0.06471 0.8439 0.9621 0.8657
0.4671 0.04977 0.8493 0.8481 0.8271
0.3139 0.04163 0.8109 1.0133 0.7601
0.1129 0.04545 0.6351 0.9433 0.8555
0.4325 0.05087 0.6829 1.0247 0.6085
0.1889 0.03289 0.8875 0.9051 0.8815
0.4477 0.04071 0.7365 0.9959 0.6363
0.3767 0.03389 0.8625 1.1081 0.7159
0.3117 0.05763 0.7221 1.0001 0.7997
0.1333 0.05377 0.7239 0.9517 0.7907
0.2301 0.04275 0.6979 0.9229 0.9195
0.4445 0.06179 0.7885 1.1237 0.6209
0.1125 0.04939 0.5065 1.1069 0.7879
0.3655 0.04115 0.7989 0.9707 0.6805
0.4761 0.05251 0.6865 0.8577 0.8707
0.3687 0.03587 0.6781 0.8445 0.8673
0.1891 0.04579 0.7721 0.8509 0.7707
0.4087 0.05869 0.8923 1.0077 0.6067
0.4031 0.03719 0.8763 0.8923 0.8797
0.3941 0.03813 0.6285 1.0379 0.7007
0.1977 0.04029 0.8759 1.1031 0.6163
0.1641 0.05301 0.8981 1.0215 0.9099
0.2961 0.05547 0.7713 1.1761 0.7515
0.4885 0.05341 0.5793 1.1359 0.6415
0.1963 0.03259 0.6417 1.0771 0.9087
0.1813 0.04993 0.7957 1.0391 0.7223
0.2663 0.05117 0.6839 0.8051 0.8587
0.4551 0.06273 0.8037 1.1373 0.8063
0.2611 0.05967 0.8119 1.0169 0.8621
0.1491 0.05895 0.7629 1.0875 0.6821
0.2305 0.05473 0.5249 0.8681 0.9365
0.3355 0.03871 0.7217 1.0757 0.6655
0.1059 0.06451 0.6701 0.8607 0.7123
0.4615 0.05849 0.7225 1.1309 0.9775
0.4999 0.04199 0.6711 1.0057 0.9185
0.1937 0.06969 0.6293 0.9445 0.7431
0.4363 0.06137 0.7387 1.0667 0.7415
0.4543 0.06463 0.8747 0.8859 0.8001
0.3809 0.03633 0.5155 0.9145 0.8949
0.2889 0.06503 0.7589 0.8259 0.9931
0.3873 0.04139 0.8627 0.8541 0.6273
0.3991 0.04553 0.8413 0.8965 0.7241
0.2447 0.05395 0.8211 0.9195 0.7643
0.4465 0.03131 0.8329 1.0419 0.9867
0.2471 0.05697 0.7253 1.1967 0.9725
0.3269 0.05223 0.8129 0.8917 0.9019
0.2907 0.06917 0.6757 0.9841 0.6901
0.3329 0.05727 0.8449 0.8823 0.7633
0.2197 0.03635 0.6709 1.0591 0.9601
0.1911 0.03617 0.5093 0.9625 0.7467
0.1627 0.06397 0.6411 0.8803 0.9481
0.4869 0.06135 0.8855 1.0069 0.8591
0.3945 0.03697 0.5069 1.1733 0.6629
0.1521 0.04777 0.6955 1.0035 0.6559
0.1563 0.06517 0.7527 0.9089 0.6305
0.2981 0.06665 0.8391 1.1773 0.9235
0.1633 0.03331 0.8241 1.1013 0.6987
0.3171 0.04597 0.7741 0.9905 0.8315
0.2733 0.04613 0.7355 1.1347 0.8853
0.3741 0.05535 0.6389 0.9653 0.6487
0.3415 0.04557 0.8013 1.0219 0.6717
0.2183 0.05729 0.5217 0.8369 0.6721
0.2887 0.06881 0.7349 1.0179 0.6231
0.3495 0.06247 0.6687 1.1117 0.9053
0.4957 0.05753 0.6883 0.9541 0.8553
0.4583 0.05947 0.6465 1.1393 0.9653
0.3649 0.04615 0.5533 0.9241 0.7917
0.1151 0.05043 0.5445 0.8281 0.6709
0.2947 0.06713 0.7881 0.8103 0.9891
0.2561 0.03011 0.8139 0.8755 0.7437
0.3985 0.05941 0.8203 1.1891 0.7979
0.3523 0.05497 0.8499 0.8773 0.6441
0.3951 0.05701 0.6731 1.0327 0.8841
0.2201 0.04789 0.7009 0.9091 0.7359
0.2937 0.03693 0.5365 1.1027 0.6111
0.4033 0.04387 0.8001 0.8787 0.8955
0.3519 0.05741 0.5057 1.0229 0.9925
0.3065 0.05427 0.6259 1.0997 0.9871
0.4517 0.03953 0.8027 0.9265 0.6569
0.3581 0.06293 0.6199 0.8597 0.9651
0.4453 0.05883 0.5267 1.0909 0.7671
0.2779 0.05307 0.5913 0.8657 0.8541
0.2411 0.06977 0.5137 1.1415 0.8731
0.3635 0.03251 0.8259 0.9259 0.8661
0.1285 0.04873 0.8655 0.9401 0.9605
0.1385 0.04673 0.6037 0.8113 0.8763
0.1901 0.06577 0.7391 1.1055 0.6701
0.3455 0.05343 0.6311 0.8865 0.6041
0.1107 0.05793 0.5443 0.9737 0.8579
0.2151 0.06267 0.8083 1.0655 0.7541
0.3145 0.03603 0.5481 0.8701 0.7231
0.1861 0.04989 0.7427 1.0295 0.8011
0.3547 0.05241 0.6061 1.1159 0.9379
0.4073 0.06047 0.5465 0.9207 0.6883
0.2457 0.05451 0.8973 0.9883 0.6267
0.3259 0.03967 0.6381 1.1463 0.7765
0.2417 0.03415 0.5569 0.8829 0.9499
0.1371 0.03891 0.8977 0.9415 0.6605
0.1799 0.06455 0.5699 0.8473 0.9713
0.2293 0.04575 0.7273 1.0087 0.9741
0.2625 0.06285 0.6209 1.1875 0.6561
0.4875 0.03127 0.7007 0.8605 0.6223
0.1453 0.03687 0.6415 0.8457 0.6787
0.4653 0.05817 0.6879 1.0425 0.9179
0.4399 0.04941 0.8591 1.0571 0.9439
0.1875 0.04831 0.8801 0.8879 0.6453
0.2959 0.03805 0.7503 0.8033 0.9703
0.2921 0.04517 0.6315 0.8491 0.7235
0.4351 0.03157 0.5815 1.1745 0.9227
0.2173 0.03705 0.5175 1.0803 0.7317
0.4295 0.03947 0.8045 0.8911 0.7361
0.1807 0.03747 0.5467 1.1701 0.6673
0.2701 0.03889 0.6475 1.1851 0.6555
0.3407 0.03809 0.7493 1.1605 0.7697
0.2237 0.03311 0.8101 1.0013 0.9989
0.2771 0.03525 0.8401 0.9227 0.7801
0.4559 0.06255 0.5525 0.9141 0.9399
0.4175 0.06511 0.7425 0.8629 0.9043
0.4989 0.04571 0.6157 0.8419 0.9709
0.1735 0.04549 0.5263 1.1563 0.9175
0.1137 0.03303 0.6987 0.9865 0.9375
0.2219 0.06711 0.5629 1.1529 0.6939
0.3293 0.03591 0.8201 0.9111 0.9955
0.3327 0.06159 0.8595 0.8387 0.8079
0.1699 0.06693 0.5825 1.1675 0.6457
0.1517 0.03291 0.7513 0.9973 0.9521
0.2677 0.03449 0.8059 1.0149 0.9371
0.4289 0.05261 0.8927 1.0085 0.7487
0.4339 0.03989 0.8677 1.0527 0.8779
0.4123 0.04009 0.5395 0.9365 0.7109
0.2865 0.05001 0.5183 1.0815 0.6219
0.2109 0.03493 0.6611 1.0573 0.6663
0.3637 0.03001 0.6009 1.1951 0.8489
0.2539 0.06103 0.8871 1.1647 0.8213
0.3711 0.04235 0.6447 1.1163 0.6179
0.4069 0.03771 0.7171 1.0825 0.7069
0.3601 0.05175 0.8659 0.9967 0.9587
0.4565 0.06633 0.5605 1.0807 0.6323
0.2161 0.05127 0.7931 1.1555 0.8003
0.1407 0.04483 0.8721 0.9631 0.7425
0.2925 0.03511 0.6645 1.0113 0.6427
0.3031 0.05359 0.5409 0.9921 0.9845
0.1087 0.04187 0.5007 1.0559 0.8241
0.2335 0.03835 0.7845 0.9345 0.6531
0.1535 0.03755 0.7313 1.0369 0.6941
0.1393 0.03671 0.7259 0.9275 0.9531
0.3633 0.04601 0.7555 1.1075 0.8567
0.2327 0.06849 0.6099 1.1241 0.7181
0.2673 0.03761 0.6539 0.8749 0.7311
0.1415 0.05281 0.6933 1.0339 0.6385
0.4357 0.05511 0.6175 0.8097 0.8339
0.2407 0.05193 0.6647 1.1021 0.8341
0.3911 0.03519 0.6063 1.1485 0.9423
0.4155 0.04991 0.7207 0.9075 0.8211
0.2153 0.04679 0.5739 1.1957 0.7259
0.3353 0.06801 0.6367 1.0071 0.7339
0.3323 0.04449 0.6975 0.9715 0.8873
0.3335 0.06671 0.8127 1.1893 0.6489
0.2591 0.06653 0.6717 0.8181 0.8051
0.4459 0.03607 0.7675 0.9873 0.8825
0.2595 0.03187 0.6179 0.8189 0.6891
0.4139 0.05759 0.8857 0.9285 0.8519
0.1477 0.04021 0.8415 0.8255 0.6573
0.4839 0.05571 0.7753 1.0623 0.9089
0.4573 0.05383 0.5117 1.0345 0.8009
0.3393 0.04857 0.5193 1.0567 0.6657
0.1845 0.03517 0.8485 1.0547 0.8753
0.4041 0.04371 0.5881 0.8037 0.6811
0.2215 0.05725 0.5383 0.9993 0.7149
0.4059 0.05551 0.5803 0.9617 0.7511
0.2523 0.05579 0.7423 1.1553 0.8703
0.4239 0.05483 0.5315 1.1771 0.8829
0.1631 0.06811 0.5357 1.1135 0.7277
0.1917 0.03661 0.6437 1.0859 0.7283
0.3013 0.05665 0.8301 1.0417 0.7217
0.3083 0.04251 0.8171 1.0887 0.7503
0.1123 0.03725 0.5271 0.8363 0.8421
0.1425 0.04123 0.8535 1.0299 0.8135
0.3757 0.04709 0.6601 0.9613 0.8071
0.1883 0.06379 0.8261 1.1651 0.8449
0.4601 0.05431 0.8295 0.9047 0.8751
0.3255 0.05785 0.7381 1.0171 0.8985
0.2225 0.06967 0.7351 0.8513 0.9755
0.3759 0.03549 0.5047 1.0285 0.7653
0.2069 0.04821 0.8071 1.1181 0.8333
0.3905 0.04257 0.8519 0.8009 0.7239
0.1423 0.04563 0.5307 1.0561 0.7229
0.1695 0.04089 0.7851 0.8777 0.9757
0.3471 0.03855 0.7357 0.8861 0.7237
0.4013 0.06491 0.8397 0.9881 0.7301
0.4061 0.04331 0.6773 0.9049 0.7423
0.3641 0.04391 0.5389 0.8667 0.9647
0.4347 0.03845 0.6825 0.8121 0.6213
0.2163 0.03939 0.8831 0.9223 0.6221
0.2809 0.06079 0.8097 1.1527 0.6961
0.2209 0.05145 0.7671 0.8393 0.8899
0.1929 0.04455 0.8957 0.9315 0.9169
0.1479 0.04819 0.8611 1.1653 0.8799
0.2659 0.05973 0.5255 0.8441 0.7089
0.2787 0.06857 0.6705 1.1689 0.9835
0.2195 0.05405 0.6605 0.9773 0.8891
0.4921 0.05013 0.7847 1.0783 0.8827
0.2061 0.04411 0.5351 1.1003 0.9523
0.1955 0.05335 0.5123 1.1727 0.8321
0.4279 0.05603 0.5863 0.9133 0.8015
0.1399 0.05679 0.6837 1.1713 0.7255
0.1667 0.04053 0.6003 1.1619 0.9881
0.4893 0.06625 0.6659 0.8405 0.6979
0.2467 0.06237 0.5651 0.8169 0.6603
0.3403 0.05119 0.7409 0.9357 0.8915
0.2101 0.04253 0.6265 1.0773 0.7795
0.4107 0.06239 0.7321 0.8707 0.9363
0.4173 0.05707 0.8023 0.9615 0.7279
0.3647 0.04073 0.7939 1.0205 0.6309
0.2291 0.05505 0.5201 1.0049 0.6449
0.2043 0.05997 0.7549 1.0055 0.6839
0.1817 0.04429 0.7397 1.0359 0.6877
0.2943 0.03677 0.6377 0.9369 0.7579
0.4973 0.06349 0.6273 1.0377 0.8273
0.4991 0.04025 0.7089 0.9127 0.9699
0.3785 0.04435 0.7121 0.8471 0.7115
0.3181 0.06557 0.5097 0.8141 0.7703
0.1443 0.05481 0.5195 0.9667 0.7355
0.2303 0.03775 0.8935 0.9775 0.7971
0.4805 0.04907 0.8437 1.1867 0.7265
0.3183 0.05397 0.7509 0.9293 0.9617
0.3221 0.06405 0.6067 1.0397 0.9781
0.3059 0.06991 0.6281 1.1607 0.7333
0.2479 0.06121 0.8673 0.9727 0.9171
0.2253 0.06911 0.6613 1.1735 0.7199
0.4625 0.06063 0.5579 1.0685 0.9047
0.1305 0.05949 0.6031 1.0581 0.9397
0.4421 0.04211 0.7729 0.9059 0.8099
0.4221 0.06507 0.8293 0.8265 0.9055
0.1439 0.04685 0.8799 0.9063 0.7783
0.3735 0.05121 0.8003 0.8733 0.6563
0.2313 0.03901 0.7631 0.8023 0.6161
0.2385 0.03021 0.8427 0.9019 0.7625
0.3917 0.03309 0.5451 0.8149 0.8679
0.1959 0.06795 0.5115 0.8211 0.7293
0.4627 0.05217 0.7477 1.0811 0.6667
0.2299 0.04313 0.6181 0.8639 0.6207
0.1377 0.03593 0.7377 0.9981 0.9009
0.3369 0.04109 0.5131 0.9581 0.7379
0.2455 0.04095 0.8153 0.9567 0.8269
0.4329 0.05851 0.7175 1.1561 0.6269
0.4669 0.04415 0.7693 1.1033 0.8803
0.1481 0.04031 0.8327 0.9129 0.6915
0.3163 0.05361 0.6805 0.9585 0.9277
0.4053 0.05005 0.6397 0.8963 0.8083
0.1379 0.04921 0.7649 1.0313 0.7711
0.4595 0.05743 0.6953 1.1017 0.8975
0.1457 0.03485 0.5907 0.8503 0.7761
0.2519 0.05555 0.6913 0.9289 0.9993
0.4753 0.06301 0.5039 0.9439 0.9447
0.3753 0.03707 0.6211 0.8691 0.9309
0.4835 0.06727 0.5617 1.1721 0.7141
0.3897 0.06651 0.8769 0.8827 0.9453
0.4397 0.05227 0.7437 0.8621 0.7981
0.4215 0.03401 0.5209 1.0195 0.8671
0.4697 0.05749 0.5327 0.8407 0.7119
0.2159 0.05485 0.7251 0.9125 0.6545
0.2337 0.06603 0.6875 1.1625 0.9497
0.1951 0.03391 0.7141 0.9507 0.6447
0.4181 0.03165 0.7733 1.1621 0.8637
0.3537 0.06169 0.6299 1.1971 0.6291
0.2525 0.03931 0.6005 1.1871 0.9883
0.1239 0.06043 0.8123 0.8999 0.8217
0.2285 0.06591 0.5005 1.0873 0.6337
0.1163 0.06431 0.8495 0.9375 0.7719
0.2223 0.06683 0.6813 1.0529 0.6681
0.4335 0.03305 0.7277 1.1339 0.9229
0.3719 0.04121 0.7095 1.0519 0.9619
0.2805 0.05509 0.7403 0.8989 0.7461
0.1721 0.05879 0.6669 1.1271 0.8367
0.1031 0.04727 0.8583 0.8613 0.9853
0.3801 0.04889 0.5371 1.0853 0.6193
0.2885 0.03919 0.7855 0.8719 0.6293
0.1783 0.06747 0.8503 1.1141 0.6137
0.2587 0.03903 0.7279 0.8521 0.8095
0.2073 0.04815 0.8991 0.9249 0.6869
0.4545 0.06213 0.6877 0.9999 0.9787
0.2477 0.05609 0.5507 1.1205 0.9721
0.1161 0.03501 0.7605 0.8741 0.6983
0.4891 0.05097 0.6141 0.9413 0.8617
0.1279 0.03041 0.7639 0.8775 0.7113
0.1021 0.06437 0.5587 0.9095 0.6857
0.3909 0.06133 0.6759 0.9203 0.6299
0.2027 0.03495 0.5929 1.1065 0.9011
0.4673 0.03129 0.5741 1.0731 0.6417
0.3907 0.03181 0.8901 1.1531 0.8337
0.4727 0.04723 0.6191 1.0963 0.7683
0.4113 0.03373 0.7839 1.1829 0.6957
0.3863 0.04699 0.5973 0.8945 0.6395
0.1103 0.03271 0.7011 1.1171 0.8279
0.2111 0.03333 0.7103 1.1277 0.9563
0.1363 0.04279 0.7483 1.0659 0.6535
0.2803 0.03163 0.5709 1.1249 0.9911
0.3421 0.04793 0.8513 1.1045 0.7897
0.1171 0.05799 0.7393 1.1583 0.8837
0.1789 0.06099 0.5413 1.0587 0.8745
0.3085 0.05513 0.6841 1.0545 0.9865
0.1293 0.05975 0.7219 1.1595 0.7083
0.4771 0.06595 0.7779 0.9591 0.7171
0.4169 0.04259 0.7853 0.8695 0.9527
0.1869 0.04999 0.8189 0.8497 0.7637
0.4561 0.06351 0.6059 1.0665 0.7441
0.3869 0.03047 0.8417 0.8459 0.8473
0.1191 0.05619 0.6939 0.8111 0.9567
0.4451 0.05291 0.7455 1.0293 0.6501
0.4317 0.06467 0.6375 1.1813 0.7143
0.2445 0.06207 0.8603 0.8781 0.8645
0.4253 0.05649 0.8565 0.8737 0.8027
0.1117 0.04265 0.5539 1.1315 0.7111
0.2075 0.04995 0.6395 1.1325 0.6841
0.1873 0.05393 0.8809 0.9595 0.9941
0.2373 0.05553 0.7515 1.1377 0.7129
0.3153 0.04887 0.5433 1.0989 0.7019
0.4887 0.05313 0.7633 0.8183 0.7135
0.3999 0.03043 0.7567 0.9753 0.6639
0.2597 0.05695 0.8061 0.9191 0.6723
0.4177 0.04849 0.5161 1.1149 0.7937
0.2401 0.03085 0.6269 0.9179 0.6271
0.2287 0.05411 0.6793 0.8881 0.8205
0.2819 0.06315 0.5991 0.8539 0.8911
0.3993 0.06947 0.6357 0.9281 0.8719
0.3525 0.04327 0.8925 1.1699 0.9045
0.2735 0.03137 0.7331 0.9963 0.7381
0.4141 0.04965 0.6105 0.9985 0.6251
0.3435 0.03125 0.7159 0.9201 0.7919
0.1853 0.04507 0.8561 0.9343 0.9645
0.4217 0.05009 0.7337 1.1401 0.9333
0.3973 0.06941 0.6707 0.9937 0.9467
0.2695 0.06037 0.7941 1.1739 0.7479
0.3463 0.03287 0.5901 1.1645 0.6171
0.2307 0.05003 0.6391 0.8875 0.9547
0.3123 0.04761 0.6799 1.0455 0.6295
0.2353 0.06923 0.7497 0.9185 0.6257
0.3861 0.06739 0.6075 1.1849 0.6937
0.1475 0.06449 0.5763 1.0075 0.8851
0.1705 0.04731 0.6937 0.9695 0.6687
0.4269 0.04255 0.5105 0.8155 0.8585
0.2079 0.06733 0.7807 0.8665 0.8303
0.4785 0.04027 0.8551 0.9951 0.8413
0.3565 0.06407 0.7667 0.8293 0.8589
0.4179 0.05103 0.5031 1.0895 0.6081
0.3023 0.04647 0.7593 0.8223 0.7499
0.1547 0.06895 0.8307 1.1311 0.8297
0.3983 0.06609 0.6595 0.9209 0.8543
0.1605 0.04515 0.8367 1.1611 0.6025
0.4841 0.06659 0.7889 0.9105 0.8529
0.1689 0.06257 0.6523 1.0209 0.6245
0.4589 0.04463 0.8377 0.8451 0.8483
0.1383 0.04591 0.8067 1.0371 0.8739
0.3115 0.06661 0.5897 1.0051 0.8717
0.2893 0.06473 0.8289 0.8647 0.8169
0.2315 0.06999 0.7149 1.1897 0.7931
0.3197 0.04905 0.5215 1.0511 0.8901
0.1421 0.04497 0.5875 0.9697 0.7435
0.4675 0.06525 0.7683 0.9377 0.9435
0.4341 0.04947 0.6565 1.0673 0.9589
0.2845 0.03583 0.8779 0.8843 0.9885
0.2691 0.03231 0.6021 1.1929 0.9257
0.1985 0.05669 0.7785 1.0253 0.6435
0.4789 0.06691 0.8737 0.9871 0.8395
0.4359 0.06007 0.8479 1.1855 0.8033
0.1831 0.05369 0.8793 1.1939 0.6803
0.3311 0.04813 0.5817 0.8159 0.7851
0.3231 0.03983 0.6125 1.0255 0.6135
0.2559 0.03277 0.8907 1.1037 0.9221
0.1023 0.04669 0.6861 1.1617 0.7629
0.2505 0.03173 0.7943 0.9825 0.9829
0.1447 0.04111 0.7791 0.8529 0.8509
0.1733 0.05075 0.7585 0.8727 0.6255
0.2847 0.05111 0.6319 0.8323 0.7867
0.4497 0.05607 0.5453 1.1445 0.9191
0.3243 0.03469 0.8223 0.8991 0.7773
0.1361 0.05931 0.7897 1.1087 0.6833
0.1121 0.03599 0.5943 1.0947 0.8369
0.3325 0.04247 0.8389 0.8789 0.7753
0.3443 0.03267 0.8343 0.8359 0.6525
0.3241 0.03053 0.5849 0.9923 0.7163
0.2099 0.05565 0.8357 0.9441 0.8995
0.2911 0.05617 0.6739 0.9037 0.8265
0.1997 0.04589 0.8609 1.1673 0.6355
0.1647 0.05523 0.7263 1.1887 0.6167
0.2141 0.03781 0.8033 1.1369 0.9679
0.3829 0.04395 0.8347 1.1601 0.8457
0.2125 0.04631 0.7521 0.8651 0.8849
0.1483 0.06845 0.6095 1.1203 0.6879
0.4679 0.05171 0.5495 1.0105 0.8391
0.2727 0.03913 0.6253 1.1907 0.9139
0.3391 0.03405 0.8527 1.1155 0.6593
0.4427 0.03565 0.8637 1.1593 0.8451
0.4741 0.06221 0.8065 0.8197 0.6513
0.4895 0.06001 0.7137 1.0187 0.8323
0.1077 0.04397 0.5751 0.8379 0.9501
0.4311 0.03419 0.6671 0.8927 0.9215
0.1257 0.06453 0.5407 0.8403 0.9133
0.3541 0.05539 0.6575 0.9895 0.8405
0.1185 0.03595 0.5855 0.8661 0.7481
0.1741 0.06425 0.5501 1.1125 0.8191
0.2275 0.04845 0.6941 0.9245 0.9857
0.1947 0.05891 0.7245 0.9495 0.7587
0.1349 0.06459 0.8553 1.0979 0.7527
0.2055 0.06699 0.8533 1.0463 0.6201
0.4547 0.03037 0.6167 0.8967 0.9529
0.2777 0.05989 0.6441 0.8041 0.7513
0.1061 0.04835 0.7899 0.8563 0.6091
0.3939 0.06719 0.7169 1.1099 0.6981
0.3497 0.03961 0.7035 1.0781 0.9401
0.4723 0.06205 0.5885 1.1609 0.8465
0.1369 0.04825 0.5951 1.0969 0.6047
0.1559 0.03467 0.6673 1.0879 0.9345
0.4933 0.05641 0.8869 0.8045 0.9841
0.3287 0.04453 0.5101 1.0565 0.6665
0.4009 0.06589 0.6383 1.0615 0.7275
0.3437 0.05233 0.8467 1.1321 0.6195
0.3689 0.03537 0.5113 1.1843 0.6419
0.3149 0.05077 0.7161 0.9655 0.8847
0.3849 0.06741 0.5139 1.0827 0.6159
0.4767 0.06465 0.8771 1.0533 0.7905
0.1607 0.05163 0.8683 1.1781 0.8487
0.1227 0.04177 0.7073 0.8269 0.8575
0.3947 0.06481 0.5181 0.8903 0.9903
0.1899 0.05961 0.5747 1.1489 0.8147
0.2003 0.05155 0.5665 1.1697 0.7021
0.2059 0.05159 0.8607 1.1811 0.7179
0.3005 0.05909 0.7849 1.0101 0.7741
0.1401 0.04107 0.5519 0.8007 0.8761
0.4587 0.04573 0.6213 0.9559 0.7895
0.1593 0.04231 0.7013 0.9183 0.8593
0.1391 0.06175 0.7475 1.1545 0.8485
0.1431 0.05663 0.6949 0.8801 0.7995
0.3865 0.03865 0.7539 0.9261 0.6835
0.1659 0.03613 0.8851 1.1639 0.9609
0.1775 0.04097 0.7163 1.0927 0.8313
0.3347 0.04357 0.5827 0.8047 0.7451
0.3823 0.05435 0.7987 0.8399 0.8365
0.4373 0.04069 0.7113 0.9551 0.6175
0.1303 0.06635 0.7421 0.9177 0.9849
0.2649 0.05837 0.6091 1.0301 0.6749
0.3619 0.03313 0.8701 1.1791 0.6969
0.3885 0.05745 0.6649 1.0709 0.9281
0.4467 0.03833 0.6043 0.9691 0.8029
0.4287 0.04495 0.8249 0.8703 0.7713
0.3035 0.04471 0.6695 1.1245 0.6467
0.1711 0.06031 0.5191 0.8487 0.7681
0.3279 0.03571 0.5653 0.8739 0.6929
0.1247 0.05581 0.6593 0.8957 0.6953
0.1759 0.05447 0.5319 1.0273 0.6567
0.2419 0.06055 0.5911 0.9817 0.8507
0.1757 0.04003 0.6677 1.0605 0.7679
0.4409 0.04795 0.6019 0.9423 0.9905
0.1557 0.04355 0.6545 0.9577 0.9129
0.1501 0.03071 0.5523 0.8689 0.6205
0.1513 0.03233 0.8341 1.1283 0.6077
0.1335 0.04363 0.6403 0.8167 0.8505
0.4367 0.05827 0.6625 0.8261 0.7559
0.2221 0.04173 0.8177 0.9735 0.6519
0.2427 0.03717 0.6823 0.9893 0.7691
0.2263 0.03201 0.7877 0.9829 0.6523
0.3439 0.04717 0.8617 1.1717 0.8359
0.1857 0.04779 0.8073 1.1981 0.9641
0.2593 0.04091 0.6227 1.0337 0.8663
0.1737 0.03097 0.5947 0.8357 0.6303
0.2211 0.05751 0.6859 0.9995 0.7829
0.1039 0.03059 0.5437 0.9321 0.6947
0.4251 0.03249 0.5129 1.1329 0.6783
0.3851 0.03197 0.8015 0.8617 0.6121
0.1893 0.05987 0.8919 1.1433 0.7983
0.1811 0.04771 0.7257 1.0073 0.6445
0.4763 0.05153 0.7583 1.0079 0.8007
0.1169 0.03985 0.8859 1.0427 0.6103
0.3025 0.05599 0.7017 1.0411 0.8905
0.2489 0.03061 0.6287 1.1391 0.9161
0.3575 0.03839 0.6051 0.9731 0.8443
0.3431 0.06291 0.6919 1.0765 0.6819
0.4539 0.04291 0.6407 1.1567 0.8711
0.4191 0.04971 0.6947 0.9795 0.6759
0.4609 0.03007 0.7173 0.8853 0.6039
0.1909 0.06163 0.5931 0.8587 0.9279
0.2557 0.03263 0.7363 1.0281 0.9353
0.2395 0.03481 0.5475 1.1915 0.7269
0.2019 0.04879 0.7603 1.1591 0.7893
0.4629 0.06395 0.8751 0.8527 0.9377
0.4075 0.05271 0.8093 0.8797 0.8597
0.3017 0.03859 0.6301 0.8745 0.9729
0.3173 0.04645 0.5537 0.8889 0.9919
0.2983 0.05459 0.8477 1.0233 0.9533
0.2843 0.06805 0.7969 0.9589 0.9193
0.3371 0.03699 0.6993 1.1345 0.7157
0.4473 0.05011 0.5671 1.0713 0.9125
0.2867 0.03413 0.6433 0.9827 0.6141
0.3589 0.06187 0.5019 1.0137 0.8953
0.2323 0.04007 0.7205 0.9561 0.6425
0.4247 0.04393 0.7745 0.8929 0.9273
0.1681 0.03663 0.8075 0.8275 0.8581
0.2761 0.03321 0.6547 0.8341 0.7227
0.1091 0.03025 0.5843 1.0555 0.9149
0.1537 0.03155 0.6239 0.9137 0.8085
0.4327 0.03123 0.8605 0.8645 0.9449
0.1343 0.04871 0.8251 0.8385 0.9413
0.1007 0.06363 0.6225 0.9085 0.9039
0.1713 0.06335 0.5611 1.0595 0.9147
0.1355 0.03189 0.7725 1.0981 0.8571
0.2093 0.03529 0.7813 1.1455 0.6583
0.4099 0.04527 0.8379 0.9837 0.9719
0.3129 0.03239 0.8253 1.1931 0.7889
0.4137 0.04519 0.7829 0.8549 0.6581
0.3703 0.04851 0.7385 0.9839 0.6873
0.1319 0.05999 0.6703 1.0661 0.6917
0.4949 0.03213 0.6747 1.0287 0.6847
0.1405 0.06303 0.7673 1.0575 0.7337
0.2585 0.06241 0.6663 0.9619 0.8699
0.2277 0.03453 0.8731 0.8855 0.7935
0.1489 0.05133 0.5297 0.9373 0.7809
0.3061 0.03917 0.7203 1.1253 0.6227
0.2669 0.06195 0.6791 0.9543 0.8215
0.2325 0.05363 0.6549 0.8547 0.6645
0.1973 0.06803 0.8725 1.1883 0.9275
0.3571 0.04017 0.8283 1.0839 0.7537
0.3037 0.03731 0.5493 1.1671 0.6393
0.3513 0.06745 0.6113 1.0777 0.7723
0.1025 0.05805 0.6231 0.8833 0.9253
0.4641 0.03897 0.8217 0.9531 0.7421
0.3479 0.03735 0.5303 0.9417 0.7915
0.4635 0.05213 0.5077 1.1157 0.9123
0.2639 0.05353 0.5735 1.0809 0.6541
0.4065 0.05647 0.5151 1.0867 0.8175
0.3057 0.06569 0.6727 0.8297 0.8857
0.4015 0.03689 0.6951 1.0407 0.7455
0.1957 0.06715 0.8679 1.1079 0.6023
0.1693 0.03885 0.5979 1.1759 0.9597
0.3521 0.06601 0.8333 0.9787 0.9991
0.2317 0.06997 0.7059 0.8981 0.7589
0.2731 0.06831 0.8757 0.8729 0.9915
0.1323 0.04063 0.6905 0.9029 0.9251
0.1515 0.04523 0.8723 1.1483 0.7545
0.4071 0.06433 0.8669 0.9437 0.9209
0.4567 0.06225 0.7789 0.8515 0.9269
0.3783 0.03683 0.7479 0.8807 0.9483
0.4667 0.06013 0.7215 0.9403 0.8943
0.4387 0.06441 0.6317 0.8015 0.7245
0.3841 0.06143 0.7607 0.8679 0.9935
0.4537 0.03825 0.6399 0.9255 0.9929
0.3617 0.03103 0.8773 1.1861 0.9973
0.3179 0.05249 0.7243 1.1049 0.6473
0.4505 0.04933 0.7809 0.8029 0.9875
0.2117 0.06091 0.6495 0.9151 0.9939
0.2241 0.04493 0.7661 1.1183 0.7883
0.1717 0.04261 0.5791 1.1447 0.8861
0.1859 0.03299 0.5177 0.9721 0.9669
0.1793 0.06643 0.7923 0.8461 0.8255
0.1863 0.05671 0.5949 0.8671 0.9259
0.3475 0.06427 0.7637 1.1247 0.9267
0.2721 0.05659 0.7875 0.9521 0.7325
0.3313 0.03521 0.6567 0.9885 0.8377
0.1389 0.05875 0.8785 1.0159 0.6591
0.1905 0.03929 0.8787 0.8465 0.8389
0.4493 0.05807 0.6089 1.1533 0.7195
0.3567 0.03209 0.6929 1.1127 0.7213
0.3715 0.04865 0.8305 0.8677 0.6203
0.4699 0.03861 0.6229 1.1597 0.7127
0.2029 0.06025 0.7395 0.9657 0.6423
0.2975 0.05053 0.7077 1.0677 0.9463
0.3697 0.04655 0.7297 0.8069 0.6711
0.4043 0.04215 0.5941 1.0163 0.9477
0.1637 0.05769 0.6753 0.9473 0.9357
0.3427 0.03049 0.6507 1.1177 0.7001
0.4475 0.05991 0.6991 1.0891 0.9697
0.2583 0.06383 0.6755 0.9367 0.6181
0.3187 0.03407 0.7687 1.1439 0.9917
0.2603 0.04773 0.7599 0.8233 0.6353
0.4299 0.06677 0.5169 0.9431 0.9909
0.3469 0.06817 0.7601 1.1541 0.7133
0.3143 0.03997 0.7841 1.0297 0.9311
0.3981 0.03925 0.8095 0.9119 0.9323
0.3797 0.03363 0.5227 1.0821 0.7569
0.1599 0.06033 0.5743 0.8907 0.6801
0.4651 0.03215 0.8423 1.0507 0.6707
0.3305 0.03935 0.7955 1.1291 0.9471
0.3247 0.03641 0.5999 1.1729 0.6079
0.4147 0.05561 0.6857 1.1725 0.9545
0.1731 0.05201 0.7327 1.1955 0.8793
0.3191 0.05401 0.6101 0.8993 0.8189
0.3315 0.03195 0.7703 0.8345 0.6985
0.2687 0.04949 0.7267 1.0759 0.7817
0.1301 0.05463 0.5197 1.1581 0.8157
0.2789 0.04059 0.8517 0.8425 0.9057
0.3771 0.03247 0.8885 0.9213 0.8411
0.2933 0.06721 0.5087 0.9371 0.6553
0.1525 0.04903 0.7143 0.9269 0.7193
0.1763 0.05757 0.7071 0.9759 0.7607
0.4827 0.03051 0.5425 1.1113 0.8431
0.4749 0.04969 0.5361 0.9683 0.9805
0.2177 0.04221 0.8735 0.8611 0.8787
0.4755 0.06083 0.6307 0.9927 0.7463
0.4725 0.03515 0.5229 0.9359 0.8749
0.4731 0.05285 0.6619 1.1509 0.8397
0.4231 0.03499 0.8405 0.8195 0.9603
0.1579 0.04001 0.8967 1.1889 0.9965
0.4089 0.05521 0.5173 0.9765 0.8629
0.1209 0.05039 0.5697 1.1293 0.9469
0.1999 0.03669 0.5987 0.8027 0.7799
0.1823 0.04191 0.5829 0.9641 0.8069
0.2799 0.03751 0.8155 0.8455 0.9789
0.2281 0.03175 0.6271 0.8227 0.6483
0.4963 0.05403 0.5347 1.0793 0.8965
0.2823 0.04957 0.6583 0.8079 0.7345
0.3063 0.05899 0.6689 1.1817 0.7439
0.1259 0.05325 0.6393 0.9391 0.9821
0.1281 0.06211 0.8707 0.8433 0.7433
0.4853 0.06021 0.5971 0.8239 0.6773
0.4273 0.04935 0.6557 1.0183 0.6101
0.3205 0.04405 0.8181 1.0865 0.9245
0.3299 0.05139 0.5781 0.9021 0.9113
0.4261 0.05477 0.7615 1.0231 0.9831
0.1345 0.04805 0.6517 1.0485 0.7661
0.2575 0.03081 0.7755 1.1657 0.7663
0.1617 0.04513 0.8963 0.8361 0.6095
0.2645 0.06563 0.7411 0.8039 0.9159
0.2035 0.05839 0.5597 0.9397 0.6907
0.1263 0.06859 0.8917 1.0135 0.9657
0.1295 0.04917 0.5627 0.9579 0.8239
0.3817 0.03353 0.6341 1.0831 0.7805
0.3169 0.06933 0.5641 1.0439 0.8049
0.2759 0.06147 0.5199 0.8395 0.7261
0.1037 0.03355 0.7577 1.0607 0.6653
0.2369 0.03811 0.7903 1.0393 0.9295
0.2439 0.03423 0.5805 1.1461 0.8103
0.1115 0.05263 0.8965 1.0259 0.8859
0.3931 0.06965 0.8839 1.1085 0.8893
0.4131 0.06883 0.7311 1.1221 0.7471
0.2025 0.06355 0.6215 1.1753 0.8689
0.4331 0.04607 0.5497 0.8543 0.8417
0.4663 0.03235 0.7981 0.9723 0.9165
0.3227 0.05289 0.8507 1.1411 0.6259
0.3239 0.04067 0.7831 1.1827 0.7429
0.2753 0.05479 0.7933 1.1497 0.8887
0.2319 0.03803 0.8321 1.1435 0.8373
0.1299 0.05905 0.6487 1.1105 0.8225
0.2769 0.05675 0.5399 1.0763 0.6345
0.4111 0.04713 0.8089 1.1559 0.7309
0.2879 0.06499 0.5785 1.1899 0.6675
0.3827 0.05057 0.6917 1.1161 0.6997
0.3213 0.03093 0.5657 0.9447 0.8181
0.3549 0.04057 0.6115 1.0609 0.7055
0.2239 0.05823 0.7045 1.1123 0.9475
0.1265 0.03681 0.7361 0.8243 0.9029
0.3531 0.04657 0.6735 0.8531 0.9013
0.1747 0.03159 0.6185 0.8933 0.7315
0.1181 0.04383 0.5529 1.1319 0.7489
0.4025 0.06931 0.8163 1.1749 0.6107
0.1967 0.04439 0.5727 0.8339 0.6827
0.2089 0.04399 0.5847 1.0091 0.8935
0.1927 0.04343 0.8913 0.9743 0.8643
0.3705 0.05621 0.7185 0.8383 0.8097
0.3489 0.03969 0.7901 0.9079 0.6647
0.2841 0.03151 0.5895 1.1885 0.7577
0.4183 0.04559 0.5415 0.9609 0.8317
0.3725 0.04287 0.8993 0.9307 0.7593
0.2143 0.06901 0.6931 0.9857 0.6139
0.1809 0.05055 0.6233 1.1025 0.8043
0.4579 0.03819 0.7467 1.0241 0.9197
0.2967 0.03579 0.8375 0.8825 0.8713
0.1427 0.06777 0.8009 0.8673 0.7395
0.3677 0.03653 0.8029 0.8285 0.6431
0.3587 0.06071 0.5725 0.8685 0.7901
0.2515 0.03829 0.5387 1.1421 0.9549
0.1473 0.05687 0.6643 1.0401 0.8209
0.3515 0.06939 0.8359 1.0919 0.6341
0.3067 0.04461 0.8579 1.0953 0.8319
0.4759 0.03191 0.5251 1.1011 0.6389
0.3651 0.06105 0.7453 1.1195 0.8423
0.3295 0.04735 0.7275 1.1943 0.8461
0.1585 0.06249 0.5779 1.1189 0.8193
0.1309 0.05203 0.8947 0.8355 0.9951
0.3743 0.03765 0.8893 0.9639 0.9217
0.2399 0.05385 0.8409 0.9877 0.7393
0.1357 0.03769 0.8425 1.0329 0.6433
0.1687 0.03105 0.5967 1.1941 0.7377
0.3265 0.04663 0.5397 0.9769 0.7151
0.4081 0.06819 0.7291 0.8245 0.6499
0.3901 0.06647 0.7571 1.0715 0.9061
0.1701 0.04317 0.5695 0.8485 0.9923
0.4855 0.03245 0.6053 0.9291 0.8735
0.4947 0.05775 0.5393 0.8579 0.9799
0.3545 0.04103 0.8939 0.9919 0.6097
0.3717 0.05677 0.8193 0.8899 0.7105
0.3887 0.06955 0.8685 0.9011 0.7909
0.2873 0.04739 0.6835 0.9313 0.9465
0.2155 0.03075 0.5531 1.0621 0.9677
0.3167 0.03433 0.7761 1.0321 0.9543
0.2349 0.04105 0.6543 0.9583 0.7759
0.4503 0.05199 0.7731 0.9861 0.9187
0.4011 0.03711 0.8863 1.1039 0.8723
0.4811 0.06279 0.5717 1.0837 0.7531
0.2945 0.06943 0.5801 0.9087 0.9717
0.4861 0.05065 0.7383 1.0477 0.6577
0.1149 0.04961 0.6423 1.0675 0.8777
0.4909 0.03095 0.7803 0.9791 0.6063
0.1387 0.05933 0.5055 0.9983 0.7085
0.1329 0.06717 0.5839 0.9479 0.9355
0.4685 0.03465 0.5917 0.8019 0.6133
0.4781 0.06129 0.6869 1.1919 0.6477
0.1341 0.05283 0.5669 1.0501 0.7581
0.3539 0.06139 0.6681 0.8327 0.6243
0.4849 0.06373 0.6713 0.8545 0.7205
0.1925 0.03385 0.7039 1.0557 0.9987
0.3839 0.05691 0.7895 0.8147 0.7803
0.1245 0.04209 0.6139 0.8229 0.9199
0.1183 0.05939 0.8195 1.1577 0.7709
0.2923 0.03431 0.7389 0.8585 0.8813
0.4737 0.06327 0.6329 1.1285 0.7573
0.3679 0.04767 0.7495 1.1987 0.6837
0.2137 0.05123 0.6455 0.8273 0.7659
0.2243 0.04477 0.5477 0.9167 0.9361
0.3813 0.04915 0.7303 0.8883 0.9271
0.4925 0.05861 0.7429 1.0701 0.7845
0.2977 0.03329 0.8817 0.9147 0.8997
0.1395 0.03471 0.5615 1.1145 0.7963
0.2531 0.04367 0.6981 1.1397 0.7077
0.3803 0.05391 0.8297 0.8313 0.9075
0.1939 0.03479 0.8019 0.9069 0.7603
0.2661 0.04697 0.6349 0.8171 0.9135
0.4603 0.03383 0.5905 1.1419 0.8125
0.2569 0.05113 0.6467 0.8959 0.8289
0.2619 0.03377 0.6965 0.9485 0.7693
0.3277 0.04047 0.5555 1.0121 0.6925
0.2707 0.06435 0.5557 1.0007 0.6623
0.4315 0.03031 0.5577 1.1723 0.8605
0.3775 0.03797 0.8971 0.8891 0.9479
0.2379 0.06171 0.8455 0.9831 0.6931
0.1101 0.03715 0.7937 0.9039 0.6607
0.3921 0.06529 0.7653 0.9605 0.6365
0.2605 0.05381 0.6831 1.0217 0.9173
0.3351 0.03319 0.5439 0.9117 0.6113
0.1403 0.03853 0.6667 1.0691 0.7721
0.4557 0.04951 0.6071 0.8017 0.9249
0.1829 0.04311 0.7561 0.9395 0.7739
0.2549 0.03015 0.7819 0.8817 0.9335
0.3799 0.05067 0.6801 1.0725 0.8917
0.1269 0.04531 0.7781 0.9807 0.6615
0.2831 0.04869 0.6321 0.9017 0.9665
0.2565 0.06669 0.7027 1.0645 0.7549
0.2033 0.04277 0.7701 1.1279 0.9659
0.3459 0.03115 0.7401 1.0449 0.7175
0.2333 0.04937 0.5873 0.8207 0.8615
0.4665 0.04693 0.6203 1.0833 0.9105
0.1041 0.05901 0.6637 0.8153 0.9369
0.4845 0.03665 0.8407 0.9193 0.6491
0.4307 0.03629 0.5925 0.9385 0.9621
0.3209 0.04077 0.5869 0.8205 0.9367
0.1449 0.03727 0.7101 0.9243 0.6015
0.2451 0.05273 0.6481 1.1743 0.7209
0.4829 0.05699 0.6151 1.1057 0.9833
0.1109 0.06673 0.6779 0.8901 0.8909
0.2705 0.03553 0.5893 0.8559 0.9023
0.2255 0.06265 0.6571 0.8059 0.8093
0.3119 0.04797 0.6129 0.9997 0.7557
0.4419 0.06995 0.7281 1.0045 0.6105
0.2555 0.04445 0.7085 0.8571 0.6791
0.4831 0.03893 0.6607 1.0841 0.8801
0.1825 0.06551 0.6577 0.8377 0.6669
0.4917 0.06973 0.8137 1.0097 0.9583
0.2827 0.05141 0.5473 0.8809 0.7993
0.1545 0.06731 0.8661 0.9799 0.8695
0.2279 0.05629 0.6945 0.8913 0.9373
0.3345 0.03171 0.7971 1.0785 0.6753
0.3623 0.03789 0.7815 1.1173 0.7835
0.1045 0.05693 0.8835 1.1301 0.8039
0.1507 0.06421 0.7165 0.9989 0.6277
0.2683 0.03749 0.7533 0.9845 0.9205
0.2633 0.06323 0.7517 1.0139 0.7065
0.1347 0.03101 0.8091 1.0543 0.6237
0.2063 0.04297 0.8997 1.0319 0.6485
0.1051 0.06743 0.6715 0.8845 0.6143
0.3267 0.03673 0.6815 1.1395 0.6069
0.2903 0.05527 0.8865 0.8641 0.6189
0.3593 0.05083 0.5703 1.1793 0.6609
0.4523 0.03955 0.6533 1.1677 0.8219
0.4639 0.06177 0.5479 1.1235 0.8631
0.2745 0.04609 0.6563 0.8003 0.8275
0.4021 0.05423 0.5341 0.9771 0.8133
0.3425 0.04033 0.5851 1.0729 0.7029
0.4415 0.05711 0.6121 1.0653 0.6739
0.4271 0.04715 0.5213 0.8203 0.6765
0.2563 0.06081 0.8169 0.8429 0.7737
0.2229 0.04433 0.8175 0.8249 0.9591
0.2685 0.04337 0.7595 1.0211 0.9627
0.2339 0.06843 0.7735 1.1589 0.7349
0.1839 0.04711 0.8675 1.0421 0.6845
0.4599 0.04055 0.7287 0.8505 0.7011
0.3467 0.04005 0.8143 0.9347 0.6347
0.1653 0.06389 0.7959 1.0493 0.6321
0.3511 0.05095 0.7799 1.1513 0.9815
0.2941 0.03739 0.8353 1.1167 0.8563
0.4189 0.05719 0.6119 0.8479 0.6863
0.3629 0.04309 0.5485 1.1873 0.8919
0.1497 0.04013 0.8475 1.1535 0.7551
0.3977 0.06789 0.7199 1.1895 0.6397
0.2715 0.03477 0.5683 0.9805 0.7273
0.4383 0.06949 0.7681 0.9977 0.7155
0.3871 0.06835 0.5559 1.1557 0.6005
0.1719 0.04193 0.7557 1.1179 0.6757
0.1375 0.04293 0.8713 1.1035 0.9807
0.1881 0.06873 0.6485 1.0081 0.6871
0.4369 0.05371 0.6529 0.8871 0.7323
0.4535 0.03573 0.8279 1.1101 0.6029
0.4631 0.05969 0.7537 0.8453 0.8077
0.1625 0.05239 0.7115 0.8289 0.9341
0.4877 0.06109 0.8103 1.1693 0.8929
0.4205 0.04981 0.5099 1.0025 0.9233
0.2599 0.04569 0.6219 1.1961 0.6933
0.4695 0.06317 0.8853 1.0717 0.9183
0.4931 0.04365 0.7621 1.1667 0.7483
0.2861 0.04997 0.7717 0.9067 0.9101
0.3465 0.03547 0.8671 0.8717 0.7811
0.4519 0.05955 0.6555 0.9399 0.9329
0.4121 0.06333 0.5253 1.0201 0.9999
0.2145 0.06313 0.8781 1.0939 0.7731
0.2871 0.04667 0.6553 0.8365 0.7189
0.2127 0.06763 0.5959 1.0915 0.8247
0.3795 0.03527 0.8043 0.9629 0.7733
0.1001 0.05047 0.8959 1.0103 0.9203
0.1703 0.05071 0.6217 0.8533 0.8913
0.2169 0.04243 0.8133 0.9599 0.7969
0.1919 0.04555 0.7551 1.1565 0.6165
0.1105 0.06061 0.8323 1.0971 0.7567
0.2405 0.03229 0.8547 0.8743 0.6971
0.3193 0.05455 0.8619 0.9337 0.6959
0.1837 0.05845 0.5541 1.0019 0.9541
0.2851 0.03887 0.7441 0.8325 0.7091
0.4417 0.04149 0.8451 0.8589 0.8253
0.4955 0.03905 0.7047 0.8821 0.8923
0.1261 0.05245 0.6631 0.9339 0.9507
0.2077 0.04581 0.5359 0.8139 0.9301
0.2655 0.05181 0.7857 0.8795 0.7139
0.4425 0.03437 0.6909 1.1947 0.7035
0.3147 0.04075 0.6079 0.9453 0.9473
0.3165 0.06581 0.7145 0.8067 0.7495
0.3691 0.06769 0.5423 1.1953 0.7841
0.1895 0.06905 0.8511 0.8953 0.6949
0.3157 0.05723 0.7491 0.9563 0.8091
0.4657 0.06527 0.6035 0.9349 0.6899
0.1843 0.04295 0.5441 0.8995 0.7267
0.4719 0.03867 0.6083 1.1783 0.8973
0.3843 0.06605 0.5211 0.8779 0.9025
0.4807 0.04643 0.5685 1.1815 0.7033
0.2371 0.05737 0.7025 1.1131 0.6565
0.2985 0.05529 0.7547 0.8131 0.7493
0.2763 0.03941 0.6521 1.0817 0.7107
0.3053 0.06199 0.5691 0.8765 0.8595
0.2265 0.03139 0.8497 0.9635 0.8545
0.4757 0.03161 0.7295 1.1859 0.8151
0.3175 0.06097 0.5977 0.9819 0.7331
0.1565 0.03297 0.6927 0.9887 0.6927
0.3653 0.06539 0.7099 0.9065 0.9059
0.4485 0.04801 0.5079 1.1547 0.6225
0.4037 0.06039 0.6295 0.8593 0.9121
0.3501 0.05265 0.8421 0.8099 0.8159
0.1787 0.04375 0.7269 0.9219 0.6633
0.2481 0.03325 0.6029 0.8935 0.7053
0.4611 0.03977 0.6957 1.0491 0.9457
0.3043 0.04923 0.7763 1.0277 0.9791
0.4977 0.05655 0.6983 1.1879 0.8765
0.1591 0.03535 0.7023 0.9969 0.9893
0.4945 0.06513 0.6117 1.1905 0.6043
0.2709 0.03631 0.7531 1.0373 0.8325
0.4747 0.06185 0.8197 0.9511 0.6127
0.3987 0.06041 0.6047 1.0787 0.9997
0.1499 0.03475 0.8141 1.1023 0.6011
0.3091 0.03211 0.5673 1.1053 0.9285
0.2927 0.04833 0.5623 0.8073 0.8415
0.1791 0.06145 0.6935 0.8179 0.9573
0.4365 0.06281 0.7347 1.0699 0.9509
0.1611 0.03709 0.8161 1.0743 0.9983
0.4017 0.04425 0.8509 0.8251 0.7833
0.2953 0.04701 0.8017 0.8193 0.6627
0.3175 0.04900 0.6711 0.9624 0.834
